"CampaignID"|"Campaign_name"
"104738900"|"y_smartbanner-retargeting_category-instrument_dv_mako"
"104194624"|"y_shop_category-izdelija_dv_mako_cpa"
"106588590"|"y_smartbanner-retargeting_category-vodosnabzhenie_dv_mako"
"104047905"|"y_smartbanner-retargeting_category-izdelija_dv_mako"
"104095098"|"y_search_category-kabel_dv_mako"
"104047909"|"y_smartbanner-retargeting_category-svetotehnika_dv_mako"
"104051179"|"y_dsa_category-izdelija_dv_mako"
"104051371"|"y_dsa_category-svetotehnika_dv_mako"
"104046907"|"y_smartbanner-retargeting_category-kabel_dv_mako"
"104195524"|"y_shop_category-svetotehnika_dv_mako_cpa"
"104095098"|"y_search_category-kabel_dv_mako_cpa"
"105914589"|"y_search_brand_dv_mako"
"104047907"|"y_smartbanner-retargeting_category-odezhda_dv_mako"
"106594073"|"y_dsa_category-vodosnabzhenie_dv_mako"
"104738902"|"y_dsa_category-instrument_dv_mako"
"104197066"|"y_shop_category-odezhda_dv_mako_cpa"
"111637002"|"y_search_category-epk-svetotehnika_dv_mako_poisk"
"104738902"|"y_dsa_category-instrument_dv_mako_cpa"
"104051367"|"y_dsa_category-kabel_dv_mako"
"104051371"|"y_dsa_category-svetotehnika_dv_mako_cpa"
"106594081"|"y_search_category-epk-vodosnabzhenie_dv_mako"
"105315188"|"y_search_category-epk-svetotehnika_dv_mako"
"104039020"|"y_search_category-podshipnik_dv_mako_cpa"
"104051368"|"y_dsa_category-odezhda_dv_mako_cpa"
"104051368"|"y_dsa_category-odezhda_dv_mako"
"104742705"|"y_shop_category-instrument_dv_mako_cpa"
"106594073"|"y_dsa_category-vodosnabzhenie_dv_mako_cpa"
"104906149"|"y_search_category-epk-kabel_dv_mako"
"104051367"|"y_dsa_category-kabel_dv_mako_cpa"
"104194107"|"y_shop_category-kabel_dv_mako_cpa"
"105401376"|"y_search_category-epk-instrument_dv_mako"
"104051179"|"y_dsa_category-izdelija_dv_mako_cpa"
"105401359"|"y_search_category-epk-izdelija_dv_mako"
"97897060"|"y_smartbanner-retargeting_category-sistemy-videonabljudenija_rf"
"106304181"|"y_search_category-sistemy-videonabljudenija-top_article_rf"
"97874902"|"y_search_category-sistemy-videonabljudenija_rf"
"99400195"|"y_network_category-sistemy-videonabljudenija_rf"
"107181742"|"y_network_category-sistemy-videonabljudenija-top_article_rf"
"103779472"|"y_dsa-shop_category-sistemy-videonabljudenija_rf"
"110608534"|"y_epk_category-sistemy-videonabljudenija_rf"
"104238533"|"y_dsa-search_category-sistemy-videonabljudenija_rf"
"104238532"|"y_dsa-search_category-sistemy-videonabljudenija-top_rf"
"98788661"|"y_shop_category-sistemy-videonabljudenija-top_nsk"
"112335316"|"y_epk-shop_category-sistemy-videonabljudenija_rf"
"100808172"|"y_smartbanner-lal_category-sistemy-videonabljudenija_rf"
"104268645"|"y_search_category-sistemy-videonabljudenija-article_rf"
"103235227"|"y_dsa-shop_category-sistemy-videonabljudenija-top_rf"
"100385947"|"y_shop_category-sistemy-videonabljudenija_spb"
"99860572"|"y_mk_category-sistemy-videonabljudenija_rf"
"112036313"|"y_shop_category-sistemy-videonabljudenija_spb"
"101329672"|"y_shop_category-sistemy-videonabljudenija_kzn"
"101328692"|"y_shop_category-sistemy-videonabljudenija_sam"
"99525063"|"y_network_retargeting-sistemy-videonabljudenija_rf"
"101332326"|"y_shop_category-sistemy-videonabljudenija_vrn"
"98794445"|"y_shop_category-sistemy-videonabljudenija-top_rnd"
"111786809"|"y_epk_network-ret_category-sistemy-videonabljudenija_rf"
"100808086"|"y_shop_category-sistemy-videonabljudenija-top_ekb"
"100388508"|"y_shop_category-sistemy-videonabljudenija_nsk"
"97952579"|"y_shop_category-sistemy-videonabljudenija-top_msk"
"100809691"|"y_dsa_category-sistemy-videonabljudenija_rf"
"111786208"|"y_epk_search-ret_category-sistemy-videonabljudenija_rf"
"98744686"|"y_shop_category-sistemy-videonabljudenija-all_spb"
"100386120"|"y_shop_category-sistemy-videonabljudenija_msk"
"106588590"|"y_smartbanner-retargeting_category-vodosnabzhenie_dv_mako_cpa"
"100388719"|"y_shop_category-sistemy-videonabljudenija_rnd"
"100807112"|"y_shop_category-sistemy-videonabljudenija-top_vrn"
"100807415"|"y_shop_category-sistemy-videonabljudenija-top_kzn"
"100812616"|"y_dsa_category-sistemy-videonabljudenija_msk"
"112256813"|"y_shop_aght_category-sistemy-videonabljudenija_spb"
"101446159"|"y_mk-feed_category-ust-izd-obshch-naznacheniya_samara"
"104834176"|"y_dsa-tovarnaya_category-svetotekhnicheskie-izdeliya_rf"
"104833951"|"y_dsa-tovarnaya_category-ust-izd-obshch-naznacheniya_rf"
"101161695"|"y_network_category-svetotekhnicheskie-izdeliya_rf"
"100903759"|"y_search_category-nizkovoltnoe-oborudovanie_sevzap"
"101455541"|"y_mk-feed_category-svetotekhnicheskie-izdeliya_spblo"
"103878279"|"y_smartbanner-retargeting_category-svetotekhnicheskie-izdeliya_rf"
"101161677"|"y_network_category-nizkovoltnoe-oborudovanie_rf"
"112867165"|"y_dsa-tovarnaya_category-all_tver"
"103876781"|"y_smartbanner-retargeting_category-nizkovoltnoe-oborudovanie_rf"
"101455638"|"y_mk-feed_category-svetotekhnicheskie-izdeliya_nsk"
"104758745"|"y_dsa-tovarnaya_category-nizkovoltnoe-oborudovanie_rf"
"101430464"|"y_mk-feed_category-nizkovoltnoe-oborudovanie_voronezh"
"103877046"|"y_smartbanner-retargeting_category-ust-izd-obshch-naznacheniya_rf"
"101455660"|"y_mk-feed_category-svetotekhnicheskie-izdeliya_rnd"
"101455757"|"y_mk-feed_category-svetotekhnicheskie-izdeliya_ekb"
"101161687"|"y_network_category-ust-izd-obshch-naznacheniya_rf"
"111325473"|"y_mk-feed_category-bezopasnost-i-sks_tver"
"112867969"|"y_dsa-tovarnaya_category-videocamera_nsk"
"112867278"|"y_smartbanner-tovarnaya_category-all_tver"
"112809222"|"y_dsa-tovarnaya_category-vodoprovodnye-sistemy_tver"
"101445758"|"y_mk-feed_category-ust-izd-obshch-naznacheniya_spblo"
"101445897"|"y_mk-feed_category-ust-izd-obshch-naznacheniya_kazan"
"101455729"|"y_mk-feed_category-svetotekhnicheskie-izdeliya_samara"
"101455567"|"y_mk-feed_category-svetotekhnicheskie-izdeliya_kazan"
"101348024"|"y_search_category-ust-izd-obshch-naznacheniya_rf"
"101161644"|"y_network_category-svetotekhnicheskie-izdeliya_centr"
"101439691"|"y_mk-feed_category-ust-izd-obshch-naznacheniya_mskmo"
"101446236"|"y_mk-feed_category-ust-izd-obshch-naznacheniya_ekb"
"112811121"|"y_dsa-tovarnaya_category-instrument_tver"
"101445951"|"y_mk-feed_category-ust-izd-obshch-naznacheniya_nsk"
"101161651"|"y_network_category-nizkovoltnoe-oborudovanie_sevzap"
"100903875"|"y_search_category-ust-izd-obshch-naznacheniya_ural"
"100903824"|"y_search_category-svetotekhnicheskie-izdeliya_yug"
"101455598"|"y_mk-feed_category-svetotekhnicheskie-izdeliya_voronezh"
"101451985"|"y_mk-feed_category-svetotekhnicheskie-izdeliya_mskmo"
"101435556"|"y_mk-feed_category-nizkovoltnoe-oborudovanie_ekb"
"101426990"|"y_mk-feed_category-nizkovoltnoe-oborudovanie_spblo"
"101435553"|"y_mk-feed_category-nizkovoltnoe-oborudovanie_rnd"
"112811741"|"y_dsa-tovarnaya_category-videocamera_msk"
"101435554"|"y_mk-feed_category-nizkovoltnoe-oborudovanie_samara"
"101435552"|"y_mk-feed_category-nizkovoltnoe-oborudovanie_nsk"
"113199731"|"y_dsa-tovarnaya_category-kabeli-provoda_tver"
"101445922"|"y_mk-feed_category-ust-izd-obshch-naznacheniya_voronezh"
"101446065"|"y_mk-feed_category-ust-izd-obshch-naznacheniya_rnd"
"100899205"|"y_search_category-nizkovoltnoe-oborudovanie_spblo"
"101424740"|"y_mk-feed_category-nizkovoltnoe-oborudovanie_mskmo"
"101161605"|"y_network_category-nizkovoltnoe-oborudovanie_spblo"
"101428287"|"y_mk-feed_category-nizkovoltnoe-oborudovanie_kazan"
"112868803"|"y_search_category-SOFT_rf"
"100821908"|"y_search_category-nizkovoltnoe-oborudovanie_mskmo"
"100903846"|"y_search_category-ust-izd-obshch-naznacheniya_sibir"
"100893958"|"y_search_category-svetotekhnicheskie-izdeliya_mskmo"
"100903805"|"y_search_category-nizkovoltnoe-oborudovanie_yug"
"101348019"|"y_search_category-nizkovoltnoe-oborudovanie_rf"
"101348030"|"y_search_category-svetotekhnicheskie-izdeliya_rf"
"112867966"|"y_dsa-tovarnaya_category-videocamera_spb"
"113200292"|"y_smart-bannery-retargeting_category-kabeli-provoda_tver"
"100903768"|"y_search_category-svetotekhnicheskie-izdeliya_sevzap"
"100903884"|"y_search_category-svetotekhnicheskie-izdeliya_ural"
"100903833"|"y_search_category-nizkovoltnoe-oborudovanie_sibir"
"112867971"|"y_dsa-tovarnaya_category-videocamera_rnd"
"114098438"|"y_smart-bannery-retargeting_category-videocamera_msk_spb_rnd_nsk"
"101161633"|"y_network_category-nizkovoltnoe-oborudovanie_centr"
"100903863"|"y_search_category-nizkovoltnoe-oborudovanie_ural"
"100903737"|"y_search_category-nizkovoltnoe-oborudovanie_centr"
"100899219"|"y_search_category-svetotekhnicheskie-izdeliya_spblo"
"101161662"|"y_network_category-ust-izd-obshch-naznacheniya_sevzap"
"101158629"|"y_network_category-nizkovoltnoe-oborudovanie_mskmo"
"111318362"|"y_mk-feed_category-telekommunikacionnoe-oborudovanie-i-sks_tver"
"100903854"|"y_search_category-svetotekhnicheskie-izdeliya_sibir"
"111322061"|"y_mk-feed_category-avtomatizacija-kip_tver"
"101161624"|"y_network_category-svetotekhnicheskie-izdeliya_spblo"
"101161638"|"y_network_category-ust-izd-obshch-naznacheniya_centr"
"111314390"|"y_mk-feed_category-svetotekhnicheskie-izdeliya_tver"
"100903745"|"y_search_category-ust-izd-obshch-naznacheniya_centr"
"105401369"|"y_search_category-epk-odezhda_dv_mako"
"111317236"|"y_mk-feed_category-kabeli-provoda_tver"
"100907421"|"y_search_category-nizkovoltnoe-oborudovanie_krim"
"100903775"|"y_search_category-nizkovoltnoe-oborudovanie_povolzhe"
"100907443"|"y_search_category-svetotekhnicheskie-izdeliya_krim"
"101161614"|"y_network_category-ust-izd-obshch-naznacheniya_spblo"
"101158645"|"y_network_category-svetotekhnicheskie-izdeliya_mskmo"
"111316139"|"y_mk-feed_category-ust-izd-obshch-naznacheniya_tver"
"100903752"|"y_search_category-svetotekhnicheskie-izdeliya_centr"
"100807909"|"y_shop_category-sistemy-videonabljudenija-top_sam"
"100903818"|"y_search_category-ust-izd-obshch-naznacheniya_yug"
"101161671"|"y_network_category-svetotekhnicheskie-izdeliya_sevzap"
"100903796"|"y_search_category-svetotekhnicheskie-izdeliya_povolzhe"
"100889027"|"y_search_category-ust-izd-obshch-naznacheniya_mskmo"
"100903761"|"y_search_category-ust-izd-obshch-naznacheniya_sevzap"
"111312961"|"y_mk-feed_category-nizkovoltnoe-oborudovanie_tver"
"100907427"|"y_search_category-ust-izd-obshch-naznacheniya_krim"
"101158636"|"y_network_category-ust-izd-obshch-naznacheniya_mskmo"
"111636993"|"y_search_category-epk-svetotehnika_dv_mako_TG"
"100899212"|"y_search_category-ust-izd-obshch-naznacheniya_spblo"
"111988564"|"y_mk-feed_category-shitovoe-oborydovanie_tver"
"102696980"|"y_search-network-shop_category-sistemy-videonabljudenija_msk"
"100559012"|"y_smartbanner-retargeting_category-nizkovoltnoe-oborudovanie_mskmo"
"100903787"|"y_search_category-ust-izd-obshch-naznacheniya_povolzhe"
"101329979"|"y_shop_category-sistemy-videonabljudenija_ekb"
"111457841"|"y_mk-feed_category-specodezhda-i-siz_tver"
"111321046"|"y_mk-feed_category-istochniki-pitanija_tver"
"101347701"|""
"111551536"|""
"113344209"|"y_dsa_category-santehnika-radiatory_rf"
"103820795"|""
"73647226"|""
"74899551"|""
"73687621"|"y_network_category_santehnika_centre"
"112339414"|""
"112271587"|""
"73608124"|""
"73099855"|""
"111498070"|""
"112692628"|""
"28408412"|""
"74856661"|""
"101017928"|"y_shop_spec-odegda_rostov-na-donu"
"112453467"|""
"111303830"|""
"32158608"|""
"101430662"|""
"92121236"|""
"108656518"|""
"112750500"|""
"112027565"|""
"69706001"|""
"94827015"|""
"71962592"|""
"111550742"|""
"61"|""
"112750961"|""
"72104007"|"y_search_category_santehnika_povolzhye"
"109607822"|""
"73099836"|""
"101298461"|""
"112712135"|""
"73657828"|"y_network_category_santehnika_povolzhye"
"109227959"|""
"74820237"|"y_smartbanner_retargeting_santehnika_rf"
"113791283"|""
"111486034"|""
"83853530"|""
"74856661"|"y_dsa_santehnika_rf"
"94527158"|"y_dsa_category-sale_rf"
"112750960"|""
"113469475"|""
"71990462"|"y_search_category-instrumenty_severozapad"
"73608373"|""
"113196178"|""
"103789923"|""
"5"|""
"111304152"|""
"100821799"|""
"85234580"|""
"103892006"|""
"72104021"|"y_search_category_santehnika_severozapad"
"91392101"|""
"81897697"|""
"84786578"|""
"73969004"|""
"90506180"|"y_search_category-santehnika-elektricheskie-kotly_rf"
"109024380"|""
"72104007"|""
"112195532"|""
"100822118"|""
"111500063"|""
"112886025"|""
"112927281"|""
"109227733"|""
"111548812"|""
"111944730"|""
"88399374"|""
"112452129"|""
"05507619"|""
"101297925"|""
"73968998"|""
"110322556"|""
"73649665"|""
"112437499"|""
"112468050"|""
"111550131"|""
"101298397"|""
"114184793"|""
"99215243"|"y_dsa_category-santehnika-otoplenie-i-klimat_rf"
"111548092"|""
"112480909"|""
"72104039"|"y_search_category_santehnika_centre"
"112339412"|""
"93728481"|""
"25465072"|""
"90264244"|""
"76415955"|""
"110850965"|""
"109787052"|""
"76416892"|""
"110326144"|""
"107181742"|""
"111549538"|""
"103619897"|""
"111504330"|""
"94604906"|"y_smartbanner-lal_category-sale_rf"
"113057348"|""
"74478329"|"y_network_category-instrumenty_povolzhye-ural-sibir-dv"
"112711913"|""
"103824941"|""
"112340123"|"y_smartbanner_category-santehnika-ventilation_rf"
"72420412"|"y_search_category-instrumenty_povolzhye-ural-sibi-dv"
"111960400"|""
"110850964"|""
"111556091"|""
"94536019"|"y_smartbanner-retargeting_category-sale_rf"
"82480110"|""
"84758975"|""
"103822097"|""
"75357939"|""
"112482979"|""
"112249699"|""
"112042083"|""
"76181536"|""
"111303026"|""
"58659738"|""
"112712136"|""
"76241422"|""
"109531852"|""
"11772558"|""
"101463127"|""
"112468047"|""
"60440453"|""
"109228471"|""
"92427746"|""
"112336566"|"y_shop_category-santehnika-ventilation_rf"
"111501613"|""
"111533426"|""
"107980945"|"y_dsa_category-santehnika-pipeline-systems_rf"
"109531825"|""
"90506151"|"y_search_category-santehnika-Baxi-gazovye-kotly_rf"
"76181479"|""
"112412217"|""
"103630763"|""
"81822923"|"y_shop_instrumenty_msk"
"113574213"|""
"73651065"|""
"112826439"|""
"90506242"|"y_network_category-santehnika-radiatory_rf"
"206304181"|""
"93620046"|""
"111304354"|""
"99273741"|""
"112712139"|""
"112245521"|""
"111555173"|""
"112931536"|""
"112749135"|""
"109788234"|""
"111304243"|""
"95687052"|""
"113195826"|""
"104051371"|""
"99240461"|"y_smartbanner-retargeting_category-santehnika-otoplenie-i-klimat_rf"
"73633730"|""
"112414131"|""
"95886848"|""
"74478271"|"y_network_category-instrumenty_msk"
"109223670"|""
"101298019"|""
"101462463"|""
"74478311"|"y_network_category-instrumenty_severozapad"
"109228997"|""
"99400195"|""
"112753138"|""
"75357942"|""
"63615683"|""
"111952413"|""
"71990438"|"y_search_category-instrumenty_msk"
"100818012"|""
"74007878"|""
"111304115"|""
"71990416"|"y_search_category-instrumenty_centre-south"
"78809594"|""
"92508676"|""
"114102818"|""
"14808999"|""
"103828125"|""
"62301413"|""
"101081644"|"y_dsa_spec-odegda_rf"
"87090086"|""
"90506214"|"y_search_category-santehnika-elektricheskie-kotly_msk"
"63221185"|""
"98481196"|""
"89499391"|""
"76416891"|""
"112712138"|""
"109026718"|""
"106286128"|"y_network_category-instrumenty_shyrypovert_severozapad"
"74251309"|""
"32245707"|""
"10081318"|""
"46623266"|""
"108649846"|""
"108745837"|""
"102779259"|""
"08013945"|""
"106941173"|""
"82444476"|""
"111554811"|""
"60747174"|""
"101899485"|""
"101299289"|""
"109531863"|""
"111956828"|""
"5812423561"|""
"44935545"|""
"01581193"|""
"56348932"|""
"112827562"|""
"75063701"|"y_dsa_category-instrumenty_rf"
"76415953"|""
"103827613"|""
"95886587"|""
"101731360"|""
"108745332"|""
"114070797"|""
"101460890"|""
"06900739"|""
"90506237"|"y_network_category-santehnika-nasosy_rf"
"69432714"|""
"103823956"|""
"42245855"|""
"41413495"|""
"105401359"|""
"112753493"|""
"112886028"|""
"28369282"|""
"111576894"|""
"45554655"|""
"101017778"|"y_shop_spec-odegda_voronez"
"51153061"|""
"111503493"|""
"112886024"|""
"98875767"|""
"96809498"|""
"102800065"|""
"37684610"|""
"111555506"|""
"98875714"|""
"93620213"|""
"51892586"|""
"108026395"|"y_smartbanner_category-santehnika-pipeline-systems_rf"
"99211843"|"y_shop_category-santehnika-otoplenie-i-klimat_voronez"
"113203757"|"y_network_general_rf"
"74900538"|""
"67375883"|""
"101461353"|""
"99211415"|"y_shop_category-santehnika-otoplenie-i-klimat_spb"
"109607832"|""
"94536019"|""
"64560488"|""
"24260453"|""
"108745713"|""
"112886026"|""
"103823403"|""
"88399364"|""
"112887207"|"y_smartbanner_category-santehnika-conditioner_rf"
"90377171"|""
"104906149"|""
"91358124"|""
"101018298"|"y_shop_spec-odegda_samara"
"113342509"|"y_dsa_category-santehnika-obogrev_rf"
"42089234"|""
"103891006"|""
"104047907"|""
"82205096"|""
"72420412"|""
"90636438"|""
"106286050"|"y_network_category-instrumenty_shyrypovert_msk"
"98107859"|"y_shop_instrumenty_sibir"
"97221546"|""
"45264860"|""
"10143555"|""
"62376701"|""
"72104021"|""
"104047909"|""
"15418989"|""
"114189154"|""
"100822707"|""
"92823061"|""
"56865006"|""
"112827460"|""
"105401369"|""
"82513798"|""
"112712137"|""
"87736109"|""
"62359320"|""
"60700109"|""
"98442355"|"y_network_remarketing_rf"
"51373160"|""
"112712134"|""
"112826532"|""
"13114173"|""
"16689173"|""
"84425004"|""
"52200033"|""
"82705687"|""
"106594073"|""
"90506217"|"y_network_category-santehnika-gazovye-kotly_rf"
"111554465"|""
"04404436"|""
"112714098"|""
"103891607"|""
"99211273"|"y_shop_category-santehnika-otoplenie-i-klimat_msk"
"101463364"|""
"100820622"|""
"107637354"|""
"03257701"|""
"111576032"|""
"90506161"|"y_search_category-santehnika-nasosy_rf"
"47588946"|""
"106286084"|"y_network_category-instrumenty_shyrypovert_povolzhye-ural-sibir-dv"
"97087022"|"y_dsa_category-sale_rf_2"
"112338936"|"y_dsa_category-santehnika-ventilation_rf"
"112886027"|""
"112887199"|"y_dsa_category-santehnika-conditioner_rf"
"91414822"|""
"74820237"|""
"114030258"|""
"101463955"|""
"96235750"|""
"54331156"|""
"99211087"|"y_shop_category-santehnika-otoplenie-i-klimat_ekb"
"81806834"|"y_shop_santehnika_msk"
"86830780"|""
"71012569"|""
"67165243"|""
"72171664"|""
"109228319"|""
"101298088"|""
"81592206"|"y_shop_santehnika_spb"
"81059628"|""
"101298227"|""
"35252963"|""
"42923849"|""
"110850968"|""
"20797270"|""
"112827296"|""
"65634615"|""
"26446322"|""
"45162363"|""
"76279464"|""
"104051179"|""
"33687494"|""
"78124950"|""
"112389069"|""
"99732475"|""
"96968408"|""
"108033068"|"y_dsa_category-santehnika-pumps_rf"
"73687629"|"y_network_category_santehnika_severozapad"
"112924064"|""
"90892702"|""
"52226649"|""
"114074043"|""
"66051430"|""
"32519703"|""
"101461707"|""
"104095098"|""
"100821559"|""
"47697073"|""
"72700982"|""
"60407651"|""
"54999825"|""
"72710978"|""
"100816339"|""
"55483555"|""
"26450394"|""
"53446467"|""
"18785768"|""
"63237138"|""
"98392545"|""
"90048420"|""
"59414752"|""
"69346788"|""
"110849462"|""
"109222453"|""
"75058010"|"y_smartbanner-retargeting_category-instrumenty_rf"
"106889340"|""
"98875810"|""
"107427621"|""
"63791752"|""
"103789242"|""
"71393942"|""
"66583716"|""
"74694193"|""
"99251043"|"y_shop_category-santehnika-otoplenie-i-klimat_rostov"
"44582266"|""
"97241291"|""
"56630708"|""
"101080426"|"y_smartbanner_spec-odegda_rf"
"58307170"|""
"110608534"|""
"96582942"|""
"106953077"|"y_shop_spec-odegda_rostov-na-donu_2"
"55579240"|""
"64327578"|""
"46498382"|""
"104051368"|""
"41359460"|""
"103800692"|""
"105315188"|""
"90506254"|"y_network_category-santehnika-elektricheskie-kotly_rf"
"22622332"|""
"75673091"|""
"60812694"|""
"113793935"|"y_smartbanners_category-instrumenty-svarka_rf"
"14136562"|""
"74478238"|"y_network_category-instrumenty_centre-south"
"31508874"|""
"48006222"|""
"75357936"|"y_shop_instrumenty_povolzhye"
"77409531"|""
"98874830"|""
"25016153"|""
"104047905"|""
"113775391"|"y_dsa_category-instrumenty-pnevmatika_rf"
"95436796"|""
"90506231"|"y_network_category-santehnika-krany_rf"
"114187747"|""
"58448836"|""
"28829882"|""
"32470918"|""
"111554112"|""
"85402608"|""
"98113576"|"y_dsa_category-sale_rf_3"
"99380183"|""
"44404932"|""
"100379278"|"y_shop_instrumenty_ural"
"00503152"|""
"105914589"|""
"110849608"|""
"19109125"|""
"03635682"|""
"39812560"|""
"71234154"|""
"94527158"|""
"54951679"|""
"103349"|""
"114190150"|""
"46532334"|""
"04039980"|""
"77913336"|""
"114102718"|""
"59960677"|""
"108745952"|""
"85460742"|""
"31129787"|""
"79407832"|""
"80810410"|""
"103890560"|""
"49866690"|""
"110850970"|""
"98875831"|""
"74838626"|""
"57460162"|""
"54719829"|""
"101018124"|"y_shop_spec-odegda_spb"
"90676257"|""
"20511556"|""
"16851685"|""
"07587990"|""
"105401376"|""
"18980519"|""
"86754314"|""
"85156946"|""
"59389828"|""
"13765743"|""
"21787806"|""
"21186569"|""
"89903847"|""
"29235710"|""
"103892072"|""
"26170187"|""
"57593705"|""
"108744928"|""
"38272387"|""
"104051367"|""
"75301273"|""
"105874720"|"y_network_category-instrumenty_shyrypovert_centre-south"
"43442273"|""
"92637466"|""
"54383627"|""
"08034147"|""
"82082322"|""
"47823694"|""
"37100746"|""
"108039867"|"y_smartbanner_category-santehnika-pumps_rf"
"56812826"|""
"87293009"|""
"101274344"|""
"46290627"|""
"28788812"|""
"67333335"|""
"40964240"|""
"54246747"|""
"113365600"|"y_smartbanner-retargeting_category-santehnika-kotly_rf"
"103789667"|""
"12345779"|""
"26044321"|""
"109384803"|""
"89446683"|""
"44398696"|""
"106594081"|""
"74592426"|""
"113346526"|"y_smartbanner-retargeting_category-santehnika-obogrev_rf"
"82158656"|""
"57905012"|""
"17521310"|""
"64924348"|""
"02552327"|""
"98874821"|""
"01558314"|""
"99210160"|"y_shop_category-santehnika-otoplenie-i-klimat_nvsb"
"101018018"|"y_shop_spec-odegda_msk"
"11379333"|""
"57013548"|""
"34497985"|""
"72941939"|""
"113775387"|"y_dsa_category-instrumenty-electroinstrument_rf"
"89844347"|""
"53512473"|""
"22012507"|""
"55203171"|""
"30641422"|""
"19446583"|""
"109302293"|""
"101275592"|""
"42820861"|""
"14559659"|""
"56236470"|""
"66440551"|""
"112692176"|""
"199400195"|""
"29928783"|""
"28785754"|""
"06016324"|""
"18593796"|""
"61653091"|""
"20130811"|""
"23819054"|""
"53883436"|""
"17686349"|""
"33493825"|""
"84479144"|""
"12283546"|""
"88050304"|""
"12983111"|""
"14926665"|""
"15756157"|""
"67146038"|""
"63059285"|""
"86183594"|""
"90506171"|"y_search_category-santehnika-gazovye-kotly_rf"
"82705766"|"y_search_category_tovary_rf"
"23366528"|""
"88736363"|""
"14686891"|""
"09049691"|""
"97087032"|"y_smartbanner-retargeting_category-sale_rf_2"
"01518527"|""
"39205258"|""
"78482588"|""
"78833657"|""
"29221284"|""
"60525629"|""
"71344696"|""
"98359282"|""
"00109354"|""
"72425806"|""
"103892156"|""
"19791562"|""
"201329979"|""
"103788920"|""
"174478329"|""
"53512759"|""
"79304951"|""
"59829459"|""
"12554671"|""
"112714168"|""
"01565239"|""
"88405441"|""
"84234545"|""
"95969200"|""
"106588590"|""
"90506188"|"y_search_category-santehnika-Baxi-gazovye-kotly_msk"
"104738902"|""
"55378429"|""
"79653230"|""
"57513694"|""
"93798004"|""
"34905464"|""
"47972027"|""
"82461649"|""
"91560060"|""
"49594969"|""
"27357202"|""
"71101843"|""
"16742321"|""
"79839401"|""
"209531863"|""
"32022299"|""
"104738900"|""
"86145859"|""
"40243213"|""
"28195575"|""
"113349154"|"y_dsa_category-santehnika-kotly_rf"
"75090744"|""
"108743885"|""
"14349268"|""
"42471959"|""
"13314624"|""
"62128952"|""
"17978989"|""
"38299639"|""
"99214525"|"y_shop_category-santehnika-otoplenie-i-klimat_samara"
"114189469"|""
"59293146"|""
"90997599"|""
"01566275"|""
"26115898"|""
"42232263"|""
"11266934"|""
"32130673"|""
"28144106"|""
"33585696"|""
"54251357"|""
"35255289"|""
"01217650"|""
"53735384"|""
"61390589"|""
"00575448"|""
"40737778"|""
"02065905"|""
"26966982"|""
"113942975"|"y_dsa-gallery_category-santehnika-kotly_rf"
"25096638"|""
"03531227"|""
"13245530"|""
"56942715"|""
"86689579"|""
"18520027"|""
"37386049"|""
"12952872"|""
"59340520"|""
"35252272"|""
"61173899"|""
"43582741"|""
"76415951"|"y_shop_instrumenty_spb"
"99237787"|""
"70627037"|""
"88167925"|""
"29556475"|""
"114103223"|""
"47101564"|""
"114029636"|""
"69888369"|""
"49177935"|""
"22806092"|""
"88953115"|""
"77109888"|""
"15557030"|""
"33582870"|""
"99446650"|""
"38453543"|""
"06901444"|""
"76758642"|""
"52743021"|""
"42886942"|""
"17117501"|""
"94687101"|""
"31235868"|""
"104046907"|""
"76761085"|""
"98428538"|""
"82498834"|""
"73634071"|""
"39078056"|""
"103790222"|""
"10839163"|""
"44194637"|""
"10485870"|""
"30999568"|""
"58986142"|""
"60719614"|""
"89568995"|""
"97396514"|""
"174478311"|""
"08438206"|""
"58514452"|""
"88789742"|""
"10715418"|""
"08460401"|""
"24771710"|""
"16905325"|""
"11608369"|""
"55126104"|""
"46398696"|""
"67852658"|""
"87617526"|""
"12011951"|""
"13349701"|""
"93564968"|""
"20227129"|""
"06180566"|""
"23531078"|""
"52288657"|""
"26429424"|""
"21159842"|""
"06667370"|""
"95712416"|""
"21872584"|""
"63988180"|""
"09285772"|""
"27130161"|""
"97647645"|""
"99506036"|""
"61017317"|""
"03504580"|""
"07716671"|""
"85712375"|""
"13928624"|""
"00399403"|""
"26393214"|""
"15984664"|""
"09188803"|""
"20481957"|""
"40980705"|""
"12548342"|""
"71681429"|""
"48313094"|""
"44572396"|""
"14411310"|""
"98173609"|""
"97741836"|""
"81540870"|""
"108745123"|""
"68450870"|""
"53402308"|""
"91065099"|""
"82770323"|""
"114073536"|""
"32231325"|""
"05273547"|""
"87988301"|""
"62622821"|""
"65091319"|""
"79777897"|""
"58054216"|""
"15748957"|""
"22845502"|""
"17587192"|""
"26875040"|""
"17299001"|""
"27507468"|""
"82896232"|""
"204194107"|""
"90896363"|""
"65461804"|""
"63843328"|""
"22327912"|""
"14899805"|""
"56734082"|""
"16668629"|""
"94515087"|"y_shop_sale_ekb"
"77155393"|""
"204197066"|""
"13277934"|""
"02676529"|""
"59329099"|""
"22716432"|""
"18963541"|""
"34822907"|""
"50106546"|""
"40208158"|""
"53156538"|""
"71997049"|""
"112584680"|""
"98541026"|""
"54355073"|""
"98114572"|"y_smartbanner-retargeting_category-sale_rf_3"
"48382176"|""
"49630587"|""
"01297862"|""
"46553725"|""
"61248383"|""
"52907262"|""
"02420944"|""
"42767713"|""
"25485918"|""
"34359318"|""
"27042481"|""
"05575837"|""
"99665600"|""
"66415818"|""
"34878160"|""
"56370605"|""
"114188869"|""
"99359590"|""
"54218653"|""
"52307071"|""
"88913013"|""
"27227907"|""
"172420412"|""
"56731522"|""
"78220306"|""
"39941671"|""
"103788593"|""
"79092769"|""
"36704468"|""
"71442801"|""
"04143612"|""
"14292239"|""
"76576118"|""
"01546999"|""
"86205326"|""
"16018141"|""
"36170460"|""
"93266700"|""
"23082731"|""
"47807181"|""
"04770527"|""
"84756654"|""
"14331282"|""
"49020616"|""
"07719874"|""
"16517374"|""
"53346153"|""
"04961416"|""
"93162640"|""
"63561381"|""
"17313132"|""
"82061321"|""
"71293997"|""
"14074125"|""
"15347650"|""
"58492126"|""
"65001807"|""
"12376076"|""
"93947908"|""
"90656374"|""
"32019333"|""
"11174361"|""
"50119061"|""
"113196440"|""
"96096367"|""
"75746851"|""
"93394331"|""
"85629762"|""
"79070822"|""
"02069971"|""
"19438435"|""
"89666961"|""
"24789917"|""
"79717742"|""
"44031720"|""
"49801169"|""
"97980758"|""
"98946970"|""
"82090603"|""
"20028465"|""
"78749534"|""
"64119541"|""
"114073846"|""
"41954175"|""
"53605905"|""
"201451985"|""
"22689891"|""
"96741696"|""
"27021354"|""
"58042634"|""
"70425925"|""
"199251043"|""
"59152571"|""
"56307575"|""
"97977769"|""
"75118631"|""
"84328785"|""
"92116054"|""
"00857614"|""
"70060970"|""
"20631988"|""
"55898685"|""
"72589136"|""
"65498326"|""
"93001039"|""
"114243760"|""
"57684846"|""
"79614100"|""
"44290117"|""
"32557823"|""
"82498744"|""
"61084706"|""
"23488796"|""
"39344982"|""
"23492818"|""
"49774688"|""
"99708474"|""
"11451054"|""
"51939210"|""
"23934762"|""
"32008591"|""
"11434662"|""
"19152072"|""
"61712688"|""
"77641837"|""
"46826178"|""
"86842805"|""
"72794208"|""
"85486839"|""
"51902922"|""
"66152096"|""
"08086801"|""
"07512548"|""
"52537547"|""
"62221242"|""
"95961357"|""
"63451525"|""
"98969922"|""
"77253366"|""
"16598549"|""
"29974519"|""
"79710487"|""
"75368289"|""
"49614251"|""
"75749534"|""
"96930726"|""
"82097458"|""
"91955764"|""
"18726168"|""
"82679466"|""
"36163155"|""
"89475246"|""
"47968582"|""
"33073760"|""
"101273518"|""
"85022032"|""
"13509406"|""
"95818841"|""
"95351704"|""
"22670875"|""
"98714120"|""
"94795754"|""
"32729320"|""
"37038035"|""
"62292401"|""
"30890620"|""
"64958799"|""
"47968187"|""
"99812909"|""
"09009569"|""
"22390592"|""
"52728341"|""
"51450576"|""
"27377434"|""
"88119078"|""
"03719824"|""
"64202676"|""
"11648260"|""
"54832943"|""
"85791175"|""
"13100519"|""
"90506249"|"y_network_category-santehnika-truby_rf"
"61945413"|""
"88960159"|""
"26948396"|""
"29496790"|""
"112645206"|""
"87664755"|""
"88095204"|""
"09578322"|""
"11880382"|""
"59694731"|""
"101275524"|""
"21710181"|""
"19607405"|""
"04880614"|""
"25407017"|""
"61758266"|""
"71243863"|""
"43454798"|""
"12792502"|""
"33220750"|""
"05084161"|""
"08514777"|""
"93869102"|""
"88460645"|""
"98704707"|""
"63958077"|""
"95691279"|""
"66103602"|""
"08358931"|""
"07252173"|""
"83098663"|""
"32494799"|""
"62522568"|""
"78970391"|""
"99276531"|""
"66214347"|""
"61400002"|""
"80444758"|""
"201445758"|""
"14190169"|""
"15768795"|""
"73133471"|""
"33906772"|""
"47277025"|""
"32292445"|""
"66662049"|""
"53945907"|""
"89219093"|""
"44091772"|""
"97589705"|""
"68152175"|""
"90506207"|"y_search_category-santehnika-gazovye-kotly_msk"
"81902734"|""
"23926086"|""
"73010649"|""
"15709578"|""
"37647800"|""
"00157854"|""
"49812287"|""
"61115778"|""
"00722329"|""
"01924353"|""
"83591671"|""
"26760635"|""
"12235752"|""
"22021042"|""
"18330910"|""
"58849280"|""
"20711173"|""
"22880311"|""
"46378884"|""
"64482798"|""
"48215638"|""
"94753773"|""
"60129745"|""
"08369875"|""
"60333223"|""
"23262405"|""
"54471165"|""
"69634038"|""
"35574574"|""
"97991220"|""
"13998235"|""
"03001885"|""
"60771400"|""
"60349216"|""
"73389613"|""
"17618769"|""
"44256605"|""
"41005901"|""
"99741558"|""
"29409628"|""
"02940095"|""
"71276134"|""
"20867069"|""
"92855792"|""
"99390610"|""
"42895584"|""
"48187962"|""
"204050748"|""
"23516608"|""
"19551071"|""
"30692077"|""
"98831096"|""
"42374145"|""
"73237350"|""
"84866125"|""
"97461994"|""
"99164151"|""
"87414105"|""
"33629934"|""
"27798625"|""
"17144676"|""
"60045782"|""
"201435552"|""
"07899520"|""
"70351913"|""
"42831816"|""
"02303489"|""
"81243283"|""
"71010023"|""
"12001540"|""
"82447566"|""
"05388551"|""
"83430548"|""
"47967073"|""
"98743519"|""
"13503915"|""
"30217754"|""
"200388508"|""
"96484336"|""
"70293401"|""
"40047654"|""
"95099785"|""
"55359474"|""
"198875767"|""
"17427692"|""
"16264246"|""
"114185585"|""
"71353013"|""
"44470779"|""
"72562348"|""
"56327780"|""
"91971587"|""
"114223566"|""
"46143341"|""
"02031702"|""
"95148403"|""
"54576168"|""
"24309372"|""
"57269122"|""
"42128743"|""
"31088864"|""
"41727594"|""
"10144702"|""
"209531825"|""
"76319977"|""
"24429990"|""
"198875714"|""
"20252134"|""
"42493869"|""
"55685471"|""
"72719163"|""
"29160099"|""
"92421585"|""
"46435276"|""
"61586496"|""
"15656930"|""
"30936419"|""
"41698234"|""
"92299472"|""
"57698709"|""
"79396592"|""
"66389995"|""
"86852159"|""
"08780817"|""
"98152400"|""
"86655495"|""
"73690500"|""
"72457469"|""
"17317851"|""
"60886132"|""
"39419281"|""
"99439674"|""
"70416563"|""
"12736283"|""
"08142709"|""
"52660091"|""
"57364402"|""
"20811594"|""
"82543215"|""
"43121301"|""
"92477537"|""
"19209701"|""
"83447782"|""
"03525920"|""
"20563712"|""
"15727369"|""
"12838665"|""
"90493623"|""
"107637374"|""
"87517736"|""
"20096241"|""
"12956669"|""
"66741944"|""
"04809301"|""
"53539876"|""
"68665582"|""
"30547216"|""
"16793139"|""
"64563832"|""
"28516244"|""
"78099307"|""
"94803455"|""
"64108591"|""
"23813138"|""
"23280692"|""
"56671975"|""
"210850964"|""
"77723197"|""
"01438478"|""
"60859596"|""
"99486860"|""
"90886040"|""
"78035343"|""
"20185909"|""
"36666569"|""
"39480603"|""
"75032117"|""
"32658232"|""
"32076928"|""
"73350270"|""
"09459043"|""
"75983527"|""
"42577788"|""
"97382392"|""
"47266303"|""
"34423563"|""
"13106551"|""
"46289074"|""
"82844427"|""
"46184861"|""
"27918490"|""
"60501544"|""
"68433004"|""
"80533104"|""
"104238532"|""
"91633271"|""
"84048877"|""
"54333453"|""
"14182003"|""
"93651115"|""
"20909388"|""
"76051562"|""
"77048088"|""
"201296534"|""
"98702323"|""
"62824520"|""
"84723533"|""
"61389912"|""
"39432913"|""
"16884100"|""
"85327610"|""
"20328591"|""
"77468028"|""
"32170026"|""
"89500201"|""
"69290799"|""
"82089481"|""
"35782168"|""
"18477706"|""
"85571544"|""
"65938915"|""
"27222175"|""
"92720500"|""
"89944189"|""
"95480196"|""
"09249501"|""
"58559659"|""
"44088934"|""
"90286479"|""
"201463127"|""
"37173692"|""
"65783711"|""
"50263348"|""
"26749438"|""
"84905770"|""
"17281680"|""
"51122921"|""
"39495230"|""
"67876816"|""
"91480373"|""
"09828555"|""
"08268959"|""
"27052746"|""
"25651644"|""
"39756300"|""
"95989476"|""
"85050516"|""
"206286050"|""
"26065501"|""
"03200549"|""
"70641008"|""
"00803761"|""
"74869686"|""
"69580962"|""
"49720999"|""
"96799789"|""
"06158072"|""
"26017396"|""
"69095733"|""
"56385941"|""
"24687192"|""
"58117907"|""
"53879671"|""
"61330735"|""
"78704691"|""
"69155448"|""
"65429574"|""
"78179682"|""
"76994666"|""
"25283441"|""
"53319592"|""
"06198649"|""
"52763785"|""
"72366646"|""
"98893576"|""
"112933203"|"y_search_category-instrumenty_podshipniki_rf"
"89652999"|""
"74226363"|""
"20336313"|""
"09382179"|""
"92217022"|""
"44193125"|""
"30449737"|""
"05612722"|""
"32605182"|""
"206286128"|""
"05519497"|""
"58043106"|""
"52948212"|""
"67374135"|""
"21390220"|""
"75469324"|""
"26047128"|""
"36323627"|""
"194827015"|""
"29062957"|""
"07473032"|""
"24033004"|""
"70815338"|""
"12298201"|""
"29958892"|""
"22860532"|""
"11214753"|""
"44522333"|""
"86435497"|""
"27022279"|""
"20159812"|""
"60593313"|""
"12461396"|""
"62875108"|""
"51009523"|""
"98679459"|""
"09250010"|""
"201301698"|""
"90649983"|""
"39365415"|""
"21522353"|""
"16866195"|""
"101274574"|""
"85736660"|""
"43558063"|""
"94928708"|""
"18054290"|""
"00559997"|""
"08148866"|""
"74802264"|""
"38580105"|""
"103235227"|""
"73322475"|""
"19575962"|""
"201328692"|""
"99068624"|""
"90055136"|""
"97659964"|""
"207181742"|""
"49621441"|""
"50506896"|""
"86184604"|""
"62769523"|""
"71990438"|""
"20437272"|""
"16886853"|""
"99167703"|""
"42281779"|""
"87090620"|""
"34110714"|""
"24360198"|""
"44107498"|""
"95834866"|""
"34913899"|""
"72514330"|""
"02085198"|""
"19511108"|""
"88559072"|""
"43777396"|""
"57885056"|""
"50598184"|""
"58421248"|""
"87808384"|""
"68202129"|""
"89154730"|""
"28800232"|""
"62653351"|""
"13271165"|""
"29753587"|""
"58525664"|""
"50375494"|""
"11235576"|""
"94520499"|"y_shop_sale_voronez"
"91597491"|""
"99628803"|""
"97064360"|""
"49998110"|""
"60789021"|""
"00931288"|""
"26240580"|""
"69413911"|""
"72674241"|""
"72415222"|""
"86207987"|""
"96911094"|""
"92772825"|""
"33803632"|""
"43487534"|""
"02730567"|""
"88223760"|""
"76575958"|""
"72575631"|""
"30893774"|""
"73816267"|""
"72946497"|""
"07851188"|""
"201430464"|""
"50305331"|""
"89353745"|""
"54288150"|""
"67331250"|""
"18438825"|""
"81466871"|""
"62688882"|""
"20334922"|""
"64884300"|""
"99679179"|""
"48601179"|""
"17568277"|""
"93961216"|""
"43839244"|""
"33321452"|""
"97492706"|""
"73839152"|""
"24048662"|""
"02446793"|""
"09816079"|""
"79911101"|""
"54958577"|""
"62322339"|""
"25311095"|""
"42703225"|""
"201435554"|""
"43503364"|""
"04131446"|""
"58746580"|""
"79176248"|""
"31013329"|""
"21131400"|""
"79935253"|""
"15818870"|""
"47271481"|""
"35354469"|""
"77689560"|""
"87506241"|""
"22853357"|""
"21516118"|""
"88875968"|""
"114182899"|""
"98772876"|""
"17562835"|""
"45341273"|""
"94596674"|""
"28741452"|""
"72920474"|""
"04923089"|""
"12738873"|""
"31545053"|""
"24276118"|""
"101018066"|"y_shop_spec-odegda_ekb"
"97708128"|""
"29768109"|""
"58941624"|""
"14226985"|""
"74109860"|""
"77593606"|""
"61839534"|""
"10760204"|""
"30689051"|""
"74915459"|""
"49437935"|""
"98119231"|""
"39370994"|""
"29389168"|""
"71899519"|""
"201445897"|""
"68699967"|""
"68085910"|""
"94703721"|""
"86064590"|""
"35890778"|""
"41229850"|""
"70554334"|""
"21219864"|""
"20051805"|""
"52229603"|""
"02667997"|""
"2"|""
"50087439"|""
"21414842"|""
"47741007"|""
"01511983"|""
"62603316"|""
"79730847"|""
"09243933"|""
"11667455"|""
"25236543"|""
"54400929"|""
"51200287"|""
"114030619"|""
"35402955"|""
"44618130"|""
"97416652"|""
"43131684"|""
"02187136"|""
"15925135"|""
"39711368"|""
"65555519"|""
"70923330"|""
"12696819"|""
"50551362"|""
"97478456"|""
"20796567"|""
"95567575"|""
"204095098"|""
"106304181"|""
"80267007"|""
"60114783"|""
"60881455"|""
"40347882"|""
"70652597"|""
"12910980"|""
"201329672"|""
"15131262"|""
"55184314"|""
"15056052"|""
"20036178"|""
"10175366"|""
"42953031"|""
"65273515"|""
"90441454"|""
"96920569"|""
"80719255"|""
"42361463"|""
"19791687"|""
"88235366"|""
"42416500"|""
"18577692"|""
"29324837"|""
"72721492"|""
"06558681"|""
"30528640"|""
"70754123"|""
"00893173"|""
"97087022"|""
"51775383"|""
"96248223"|""
"02509214"|""
"113346201"|"y_smartbanner-retargeting_category-santehnika-radiatory_rf"
"11524284"|""
"111637002"|""
"70733438"|""
"02802272"|""
"21836847"|""
"35896036"|""
"94624429"|""
"23848219"|""
"72783543"|""
"05564821"|""
"64620529"|""
"42968747"|""
"51720032"|""
"93440327"|""
"56003694"|""
"36969722"|""
"97407787"|""
"198874821"|""
"76416890"|"y_shop_santehnika_povolzhye"
"26410685"|""
"52447649"|""
"79291639"|""
"30580005"|""
"42787158"|""
"44531622"|""
"49060502"|""
"05777152"|""
"71003982"|""
"61953254"|""
"33553431"|""
"60197468"|""
"91125153"|""
"201455567"|""
"38760111"|""
"93528522"|""
"74310829"|""
"04257015"|""
"211304152"|""
"46398599"|""
"63078467"|""
"50421017"|""
"58448038"|""
"90820918"|""
"64655680"|""
"57639071"|""
"07207577"|""
"52956807"|""
"05951548"|""
"46284943"|""
"98967946"|""
"66454784"|""
"73258257"|""
"82916925"|""
"18154914"|""
"174478271"|""
"99142794"|""
"34527168"|""
"92750783"|""
"47286230"|""
"12557969"|""
"62310349"|""
"69894765"|""
"44406466"|""
"30448014"|""
"104039020"|""
"14848622"|""
"76504107"|""
"95617714"|""
"29066628"|""
"39214161"|""
"77702144"|""
"66029076"|""
"80273058"|""
"65548823"|""
"06541195"|""
"64335923"|""
"01552940"|""
"43810233"|""
"13121779"|""
"01332090"|""
"25040010"|""
"59983889"|""
"77574577"|""
"63282046"|""
"05494682"|""
"18417387"|""
"57183705"|""
"62123529"|""
"26349015"|""
"32245490"|""
"70454148"|""
"95451686"|""
"06088273"|""
"27965516"|""
"89145036"|""
"50495248"|""
"39818703"|""
"75895489"|""
"10319096"|""
"211321046"|""
"90078075"|""
"01632452"|""
"39389047"|""
"80315551"|""
"56476716"|""
"201298397"|""
"29592948"|""
"10950859"|""
"46044283"|""
"71230201"|""
"53629118"|""
"14371611"|""
"35944203"|""
"81083032"|""
"01695435"|""
"174478238"|""
"43357860"|""
"76101636"|""
"76559963"|""
"93750867"|""
"44773078"|""
"78400215"|""
"22145894"|""
"24780722"|""
"00834588"|""
"69016769"|""
"08566502"|""
"84065160"|""
"03179146"|""
"37166499"|""
"35895255"|""
"26544206"|""
"11"|""
"74072043"|""
"78671522"|""
"14809760"|""
"73145823"|""
"71122125"|""
"35398357"|""
"64937174"|""
"98936189"|""
"90733418"|""
"94072425"|""
"31140561"|""
"25782350"|""
"28263585"|""
"89958663"|""
"23710825"|""
"48364543"|""
"61939060"|""
"68851799"|""
"28278897"|""
"03282751"|""
"22937999"|""
"16574861"|""
"04626291"|""
"82697209"|""
"83442198"|""
"95873843"|""
"51917381"|""
"201460890"|""
"37331802"|""
"24277007"|""
"61932285"|""
"73110523"|""
"13058174"|""
"69611128"|""
"00839875"|""
"35145602"|""
"25428479"|""
"51478098"|""
"99517671"|""
"76280798"|""
"13130178"|""
"13727139"|""
"15381903"|""
"58721299"|""
"56919904"|""
"78184000"|""
"41041965"|""
"64422526"|""
"76046805"|""
"94808091"|""
"84565530"|""
"98072070"|""
"77659582"|""
"39727222"|""
"59746729"|""
"75232107"|""
"10756603"|""
"67163187"|""
"205874720"|""
"76856338"|""
"113793945"|"y_smartbanners_category-instrumenty-pnevmatika_rf"
"14436209"|""
"35764559"|""
"61621751"|""
"06349275"|""
"42474606"|""
"14722114"|""
"70155137"|""
"30305360"|""
"12628724"|""
"24147831"|""
"02493402"|""
"71608494"|""
"113793950"|"y_smartbanners_category-instrumenty-garden-tools_rf"
"06851416"|""
"78110486"|""
"38115638"|""
"82316496"|""
"52472785"|""
"13446780"|""
"43934541"|""
"40357644"|""
"43059817"|""
"40222825"|""
"47393923"|""
"96771071"|""
"89395807"|""
"83151618"|""
"91483843"|""
"16434760"|""
"71725626"|""
"53851227"|""
"01270624"|""
"38193623"|""
"88724007"|""
"68303194"|""
"16743932"|""
"24852419"|""
"73445143"|""
"36214541"|""
"99921600"|""
"40494533"|""
"64486666"|""
"57435200"|""
"87222544"|""
"96266625"|""
"09788158"|""
"98435725"|""
"60778177"|""
"07418510"|""
"52762351"|""
"19688615"|""
"88054567"|""
"37951293"|""
"211325473"|""
"24545669"|""
"12707813"|""
"3"|""
"26588528"|""
"61876249"|""
"26362442"|""
"31137038"|""
"48020671"|""
"92575475"|""
"82934853"|""
"88702582"|""
"29864015"|""
"88356602"|""
"73472085"|""
"07976801"|""
"17411919"|""
"81892852"|""
"01986228"|""
"55748672"|""
"96940284"|""
"24322650"|""
"42276889"|""
"112859620"|""
"63861091"|""
"37381476"|""
"00184584"|""
"57508492"|""
"10059251"|""
"97044071"|""
"12078561"|""
"49755461"|""
"45509404"|""
"07694308"|""
"97087032"|""
"87425621"|""
"69596412"|""
"49385826"|""
"05024057"|""
"16020008"|""
"70481908"|""
"45800107"|""
"74178140"|""
"89339759"|""
"23531168"|""
"62205240"|""
"76719653"|""
"92231869"|""
"88746764"|""
"08610777"|""
"46271832"|""
"00084731"|""
"06388826"|""
"75303740"|""
"71253915"|""
"60917932"|""
"37003154"|""
"96506292"|""
"57857365"|""
"13272426"|""
"97071622"|""
"50291085"|""
"66518344"|""
"19425102"|""
"31245717"|""
"09495894"|""
"06078365"|""
"34676068"|""
"63507438"|""
"55576462"|""
"21018288"|""
"70136131"|""
"18685799"|""
"81527938"|""
"12071595"|""
"70597508"|""
"201455541"|""
"29742527"|""
"41020158"|""
"09953571"|""
"94961271"|""
"40155494"|""
"33131084"|""
"22727528"|""
"85320759"|""
"39101586"|""
"37365403"|""
"96413013"|""
"72098625"|""
"86316121"|""
"25245181"|""
"32808137"|""
"06426791"|""
"81578072"|""
"25479309"|""
"68153966"|""
"67812871"|""
"43642565"|""
"06517238"|""
"57379595"|""
"96257696"|""
"03510068"|""
"54454108"|""
"99438078"|""
"26894364"|""
"87224932"|""
"43841844"|""
"40343673"|""
"31858552"|""
"47729635"|""
"02931431"|""
"62652176"|""
"79877907"|""
"39435959"|""
"33151013"|""
"85726266"|""
"71555841"|""
"09976140"|""
"24446540"|""
"72671849"|""
"29426996"|""
"82784170"|""
"93740355"|""
"50538036"|""
"73630987"|""
"73425480"|""
"20571871"|""
"99146308"|""
"41365406"|""
"57006774"|""
"25849634"|""
"68704920"|""
"36798989"|""
"75698772"|""
"86608693"|""
"64412312"|""
"88859039"|""
"28821532"|""
"86555651"|""
"70674396"|""
"54020614"|""
"66241492"|""
"26674293"|""
"97851062"|""
"51476745"|""
"69674446"|""
"49752224"|""
"05722831"|""
"91775115"|""
"39690608"|""
"103780401"|""
"45984814"|""
"12772820"|""
"87958093"|""
"22508306"|""
"46411407"|""
"41139918"|""
"73610076"|""
"10738490"|""
"45501990"|""
"00682742"|""
"33272526"|""
"70786113"|""
"64665267"|""
"48210942"|""
"90972680"|""
"38013024"|""
"26061929"|""
"46633682"|""
"37400313"|""
"35262399"|""
"95719007"|""
"62932508"|""
"56357928"|""
"04733340"|""
"37889705"|""
"59929815"|""
"77581116"|""
"35990322"|""
"97938851"|""
"39798324"|""
"64675187"|""
"98538109"|""
"87555618"|""
"42970061"|""
"71583204"|""
"77815039"|""
"97646691"|""
"15260455"|""
"31407560"|""
"07434307"|""
"84945427"|""
"79623175"|""
"86325447"|""
"58081567"|""
"92273139"|""
"16612733"|""
"26340546"|""
"76316050"|""
"52801386"|""
"55756389"|""
"03765649"|""
"41108410"|""
"69320979"|""
"75678840"|""
"201445922"|""
"87642871"|""
"53776889"|""
"34979462"|""
"74365825"|""
"34925749"|""
"67213554"|""
"20190562"|""
"66849185"|""
"08348548"|""
"01029045"|""
"39360801"|""
"02325089"|""
"76173449"|""
"03714454"|""
"32160247"|""
"30099890"|""
"98723440"|""
"34768119"|""
"30416153"|""
"201274344"|""
"23542666"|""
"39496637"|""
"94795029"|""
"94"|""
"78548350"|""
"65462618"|""
"56221752"|""
"63562058"|""
"27374964"|""
"61123458"|""
"94572675"|""
"76070661"|""
"81178332"|""
"63508429"|""
"56555133"|""
"68973500"|""
"89043974"|""
"44093656"|""
"61371181"|""
"93914528"|""
"114188212"|""
"56959773"|""
"98044087"|""
"81066193"|""
"44950674"|""
"53627515"|""
"62985658"|""
"44559863"|""
"35621506"|""
"55718615"|""
"71331764"|""
"10642039"|""
"37816541"|""
"05044489"|""
"42980011"|""
"72082624"|""
"04980013"|""
"14498917"|""
"24686846"|""
"36056472"|""
"25752653"|""
"97486354"|""
"90054848"|""
"93118901"|""
"48538659"|""
"00957917"|""
"56452304"|""
"76462369"|""
"37330619"|""
"56894697"|""
"103349715"|"y_shop_sale_samara"
"25117320"|""
"62565488"|""
"86832236"|""
"25031643"|""
"69840142"|""
"36308512"|""
"92503207"|""
"69600590"|""
"81587607"|""
"27893870"|""
"109103296"|""
"19180764"|""
"28072017"|""
"98694234"|""
"80398130"|""
"55296306"|""
"82411870"|""
"98091307"|""
"98584094"|""
"70244742"|""
"06696723"|""
"75088666"|""
"17066413"|""
"21994409"|""
"71296315"|""
"15625277"|""
"78735757"|""
"88193955"|""
"72589500"|""
"44772537"|""
"57487913"|""
"91414599"|""
"60725722"|""
"78739620"|""
"60577424"|""
"47628485"|""
"64125840"|""
"57639895"|""
"36089004"|""
"92730556"|""
"88569565"|""
"76029718"|""
"51087438"|""
"201435553"|""
"86852837"|""
"14270000"|""
"09293785"|""
"20585447"|""
"63786470"|""
"10033155"|""
"58616194"|""
"40564109"|""
"12612519"|""
"00993774"|""
"62333643"|""
"50085920"|""
"07247077"|""
"71941551"|""
"46926183"|""
"17849257"|""
"44754147"|""
"32237743"|""
"44244170"|""
"98515351"|""
"52281262"|""
"48335282"|""
"22476585"|""
"53488005"|""
"56637952"|""
"18117778"|""
"56375198"|""
"67829275"|""
"51507675"|""
"31101182"|""
"28980124"|""
"91359718"|""
"22633386"|""
"58936618"|""
"97874984"|""
"94517445"|"y_shop_sale_rostov-na-donu"
"25590113"|""
"34476580"|""
"28339902"|""
"14665939"|""
"02102513"|""
"74750447"|""
"35781862"|""
"47887738"|""
"08901025"|""
"03648905"|""
"25648516"|""
"53311848"|""
"65794353"|""
"18206778"|""
"83756915"|""
"87393763"|""
"53041703"|""
"68864322"|""
"05824522"|""
"54062325"|""
"18635418"|""
"69157256"|""
"80562118"|""
"11884067"|""
"83441397"|""
"65583083"|""
"09519553"|""
"07680344"|""
"73856411"|""
"29300705"|""
"00272057"|""
"77847575"|""
"27766695"|""
"73478360"|""
"03185394"|""
"43647979"|""
"50478065"|""
"57209539"|""
"91598767"|""
"90160929"|""
"61223119"|""
"81819110"|""
"91300410"|""
"18887841"|""
"92488427"|""
"66478188"|""
"33263864"|""
"90652249"|""
"101017878"|"y_shop_spec-odegda_nvsb"
"71623776"|""
"71124810"|""
"49371094"|""
"61332017"|""
"44855216"|""
"20638479"|""
"101296534"|""
"04304655"|""
"04427006"|""
"19253993"|""
"14176129"|""
"34425495"|""
"45279943"|""
"21820233"|""
"68022392"|""
"43465390"|""
"56076516"|""
"87819818"|""
"87777739"|""
"73783746"|""
"60305671"|""
"31740968"|""
"18009296"|""
"58877504"|""
"80813428"|""
"23608801"|""
"83145326"|""
"92993461"|""
"35286376"|""
"15376167"|""
"53892625"|""
"53901130"|""
"64352188"|""
"75161189"|""
"23691182"|""
"83829391"|""
"44713808"|""
"59616986"|""
"43972687"|""
"07277576"|""
"45047699"|""
"49201802"|""
"09920593"|""
"44172052"|""
"20926710"|""
"77603803"|""
"26526240"|""
"63023140"|""
"79661627"|""
"91195295"|""
"26925550"|""
"45377203"|""
"11470006"|""
"05609848"|""
"41532613"|""
"84660594"|""
"15312974"|""
"43374747"|""
"61645472"|""
"00080740"|""
"27040176"|""
"30109561"|""
"45683666"|""
"43778883"|""
"10087168"|""
"27835515"|""
"83718975"|""
"63465439"|""
"17498911"|""
"39046253"|""
"11471391"|""
"03194759"|""
"78363028"|""
"83117422"|""
"02986116"|""
"27008361"|""
"95798076"|""
"18484017"|""
"32071898"|""
"05011506"|""
"211304354"|""
"78476739"|""
"77354829"|""
"86810937"|""
"05024689"|""
"96510403"|""
"57098807"|""
"36701418"|""
"82665609"|""
"98980221"|""
"04214708"|""
"98258433"|""
"93784063"|""
"48015820"|""
"55703085"|""
"14420316"|""
"56691417"|""
"51590711"|""
"69388084"|""
"02039773"|""
"70886120"|""
"56373972"|""
"36471465"|""
"66312988"|""
"01230557"|""
"72620762"|""
"43436316"|""
"23574400"|""
"56113278"|""
"81090130"|""
"65153424"|""
"07149735"|""
"26462361"|""
"45279553"|""
"89207188"|""
"76220578"|""
"79925168"|""
"204268645"|""
"75341351"|""
"50070772"|""
"95630427"|""
"27142744"|""
"86622294"|""
"73687629"|""
"26905204"|""
"80636831"|""
"52510025"|""
"113793939"|"y_smartbanners_category-instrumenty-electroinstrument_rf"
"19643374"|""
"89602448"|""
"03989065"|""
"52620429"|""
"61282016"|""
"77902626"|""
"78578147"|""
"66269458"|""
"76726084"|""
"51202423"|""
"50155132"|""
"45887716"|""
"21747266"|""
"79717479"|""
"59425951"|""
"113717939"|"y_smartbanner-retargeting_instrumenty_podshipniki_rf"
"87262999"|""
"57402475"|""
"22450533"|""
"68087472"|""
"60945358"|""
"47626772"|""
"75918999"|""
"83650173"|""
"54044195"|""
"11261959"|""
"27525116"|""
"86490550"|""
"72169222"|""
"81690931"|""
"35114875"|""
"12876781"|""
"95683046"|""
"62300321"|""
"73233571"|""
"113775383"|"y_dsa_category-instrumenty-svarka_rf"
"64388102"|""
"69474541"|""
"82983326"|""
"61956116"|""
"14239703"|""
"54964101"|""
"80438361"|""
"71067881"|""
"25806988"|""
"59211540"|""
"55654571"|""
"57878435"|""
"25909448"|""
"28167949"|""
"44730057"|""
"31064168"|""
"94491934"|""
"58596760"|""
"46368827"|""
"86127696"|""
"25126221"|""
"36761276"|""
"62730464"|""
"72110035"|""
"78951254"|""
"78041038"|""
"62297587"|""
"09447180"|""
"46230523"|""
"39378106"|""
"93231175"|""
"62245129"|""
"201455660"|""
"24438194"|""
"54901312"|""
"36914814"|""
"207637354"|""
"05859337"|""
"97085413"|""
"93327907"|""
"81574716"|""
"57608136"|""
"28370509"|""
"87892647"|""
"01094435"|""
"32278449"|""
"49289617"|""
"37840447"|""
"08194247"|""
"46113061"|""
"07626575"|""
"78673414"|""
"70497145"|""
"03526257"|""
"38648760"|""
"76101273"|""
"37206248"|""
"86923413"|""
"44235916"|""
"30000651"|""
"27821912"|""
"32503143"|""
"89072943"|""
"21842744"|""
"75530291"|""
"95507628"|""
"209531852"|""
"94460650"|""
"48633933"|""
"31437385"|""
"58147413"|""
"77704692"|""
"84149771"|""
"54910840"|""
"87237915"|""
"56642336"|""
"12718272"|""
"71845888"|""
"70858264"|""
"42831806"|""
"54715724"|""
"88373103"|""
"93688411"|""
"61035635"|""
"75374950"|""
"84801331"|""
"13644525"|""
"200907421"|""
"85335628"|""
"21506499"|""
"60766931"|""
"30501428"|""
"05908938"|""
"26213243"|""
"45431690"|""
"70806926"|""
"98738411"|""
"51645456"|""
"10880306"|""
"25364655"|""
"72759853"|""
"25580053"|""
"66717511"|""
"08650377"|""
"90886803"|""
"27328742"|""
"24218786"|""
"42194736"|""
"31410786"|""
"71649031"|""
"40821577"|""
"79404185"|""
"44937057"|""
"57052819"|""
"38387226"|""
"55588235"|""
"26953137"|""
"32568744"|""
"10699578"|""
"56021663"|""
"83113935"|""
"90329417"|""
"06830085"|""
"81776917"|""
"80025829"|""
"41396120"|""
"10121924"|""
"20113658"|""
"171990462"|""
"09241048"|""
"63804171"|""
"90136745"|""
"76587764"|""
"46629883"|""
"96419767"|""
"36146928"|""
"82155098"|""
"75600669"|""
"35895597"|""
"63672217"|""
"36770828"|""
"59393393"|""
"04371757"|""
"88208826"|""
"73728898"|""
"34050989"|""
"47569037"|""
"45510177"|""
"21310392"|""
"82773927"|""
"43740813"|""
"47246810"|""
"71727569"|""
"60988123"|""
"18269405"|""
"56036755"|""
"62184644"|""
"38447462"|""
"94610149"|""
"87123956"|""
"17870109"|""
"69443087"|""
"16105389"|""
"43898771"|""
"33592978"|""
"25660391"|""
"51927294"|""
"59792946"|""
"24760068"|""
"39250194"|""
"83467630"|""
"85122849"|""
"98708893"|""
"00069816"|""
"46457077"|""
"66792556"|""
"58785952"|""
"22150275"|""
"69152909"|""
"22237975"|""
"68970933"|""
"01877992"|""
"40336576"|""
"38291642"|""
"76745227"|""
"99381191"|""
"89917838"|""
"43948135"|""
"21334279"|""
"05075180"|""
"24855005"|""
"84188790"|""
"15009815"|""
"81430756"|""
"81124406"|""
"90887301"|""
"52112602"|""
"98510262"|""
"45910692"|""
"60448336"|""
"28853180"|""
"49369782"|""
"23561318"|""
"10800225"|""
"62844016"|""
"69078240"|""
"89389020"|""
"93830913"|""
"61349595"|""
"86809607"|""
"94704295"|""
"58986962"|""
"84425846"|""
"98174597"|""
"20847752"|""
"32829089"|""
"43740411"|""
"37812883"|""
"16830771"|""
"28734882"|""
"33933777"|""
"93881405"|""
"68054392"|""
"44592897"|""
"12671904"|""
"06709333"|""
"91554437"|""
"14365346"|""
"35514620"|""
"35044602"|""
"44132965"|""
"88849336"|""
"42680620"|""
"95284625"|""
"32578866"|""
"17427569"|""
"47502239"|""
"78991530"|""
"01209713"|""
"01157873"|""
"70674613"|""
"39483517"|""
"34480881"|""
"05901473"|""
"76860731"|""
"18326921"|""
"75380295"|""
"05417145"|""
"02007486"|""
"24507750"|""
"59673270"|""
"04275969"|""
"54799053"|""
"75588521"|""
"25892793"|""
"78742518"|""
"95920914"|""
"97533216"|""
"85085287"|""
"49009661"|""
"82472129"|""
"14568529"|""
"61124788"|""
"38934014"|""
"03695786"|""
"95441363"|""
"24886415"|""
"79586688"|""
"58354016"|""
"39463255"|""
"06367362"|""
"30495490"|""
"00389162"|""
"59307144"|""
"28086547"|""
"17145634"|""
"9452715"|""
"05790400"|""
"45534588"|""
"93207801"|""
"51642825"|""
"67249151"|""
"16002141"|""
"76903405"|""
"53818781"|""
"82315739"|""
"64271687"|""
"46589252"|""
"42561688"|""
"07175292"|""
"40100297"|""
"05430873"|""
"98069127"|""
"66551222"|""
"98155328"|""
"10252876"|""
"38852802"|""
"58677304"|""
"10424321"|""
"40509527"|""
"12706377"|""
"38095154"|""
"41965555"|""
"40582722"|""
"05374852"|""
"05321929"|""
"106370426"|"y_network_vacancy_prodazhi_rf"
"94513649"|"y_shop_sale_sbp"
"106370419"|"y_search_vacancy_prodazhi_rf"
"94516285"|"y_shop_sale_msk"
"94518454"|"y_shop_sale_nvsb"
"113942972"|"y_dsa-gallery_category-santehnika-radiatory_rf"
"90506201"|"y_search_category_santehnika_nasosy_msk"
"113717942"|"y_dsa_instrumenty_podshipniki_rf"
"113775400"|"y_dsa_category-instrumenty-garden-tools_rf"
"111999986"|"y_mk-feed_category-oborudovanie-6-10kv_tver"
"114265298"|"y_network_forum"
"11279547"|""
"01447228"|""
"79300301"|""
"15242294"|""
"75576132"|""
"22110437"|""
"64382111"|""
"81004323"|""
"62948103"|""
"08856824"|""
"10408490"|""
"67598338"|""
"75011226"|""
"68585204"|""
"25593930"|""
"10625245"|""
"48845762"|""
"67611162"|""
"95957845"|""
"79539494"|""
"68164435"|""
"76711628"|""
"15629005"|""
"11414284"|""
"77303700"|""
"19530657"|""
"23893408"|""
"26728067"|""
"67476539"|""
"75512309"|""
"99160627"|""
"54985265"|""
"04109994"|""
"90806867"|""
"67961957"|""
"22707427"|""
"71840275"|""
"55060041"|""
"80565906"|""
"26047906"|""
"48857088"|""
"98695523"|""
"02328448"|""
"64356483"|""
"44434359"|""
"43100367"|""
"56344336"|""
"25165771"|""
"68360937"|""
"53067735"|""
"31520806"|""
"48008901"|""
"14993228"|""
"39825194"|""
"06133687"|""
"60445280"|""
"63250780"|""
"78429060"|""
"23739440"|""
"13211998"|""
"37634834"|""
"61959068"|""
"200822707"|""
"19841506"|""
"84994309"|""
"00544259"|""
"22236316"|""
"54344211"|""
"44779893"|""
"54837598"|""
"63836654"|""
"20494854"|""
"91493422"|""
"61721578"|""
"14329033"|""
"59170941"|""
"38463069"|""
"46938394"|""
"51159473"|""
"64751069"|""
"31581501"|""
"23213401"|""
"43833253"|""
"27021295"|""
"68170650"|""
"00377551"|""
"78181384"|""
"85973265"|""
"11649212"|""
"22437955"|""
"98271653"|""
"00685974"|""
"91485017"|""
"17254536"|""
"64480793"|""
"80086882"|""
"52278569"|""
"11152519"|""
"90664523"|""
"51557093"|""
"17449240"|""
"43477847"|""
"00492224"|""
"88947727"|""
"75340428"|""
"42432438"|""
"57414516"|""
"58094228"|""
"80060948"|""
"55511829"|""
"90857851"|""
"76141422"|""
"10878921"|""
"79319141"|""
"45091710"|""
"56667368"|""
"77376901"|""
"11413842"|""
"87971079"|""
"87800121"|""
"59582246"|""
"49202908"|""
"13383578"|""
"86653533"|""
"86110379"|""
"08401589"|""
"49453213"|""
"40249398"|""
"46713983"|""
"12098648"|""
"03552395"|""
"92023538"|""
"61141872"|""
"21713866"|""
"30675352"|""
"84604691"|""
"32970289"|""
"84572115"|""
"60958827"|""
"79877175"|""
"90342630"|""
"40348904"|""
"13167544"|""
"49474038"|""
"94868499"|""
"73041252"|""
"05870134"|""
"20848920"|""
"110308259"|""
"08917912"|""
"55811544"|""
"84613042"|""
"17490770"|""
"55682633"|""
"77504286"|""
"85272754"|""
"40535457"|""
"52893391"|""
"33816499"|""
"34125158"|""
"55324546"|""
"35462520"|""
"14683716"|""
"77017611"|""
"38964168"|""
"84267866"|""
"21687348"|""
"49026135"|""
"40025485"|""
"65035455"|""
"14180821"|""
"04183904"|""
"68036132"|""
"76290864"|""
"78290158"|""
"97331937"|""
"67838412"|""
"201017878"|""
"61133801"|""
"77191806"|""
"79294442"|""
"88961064"|""
"10946904"|""
"16109937"|""
"64264667"|""
"59756354"|""
"40679053"|""
"87672449"|""
"52560192"|""
"58963292"|""
"21028046"|""
"49577220"|""
"19409351"|""
"96277867"|""
"90250744"|""
"19523038"|""
"18738187"|""
"06762047"|""
"98431056"|""
"49864587"|""
"20234301"|""
"30061351"|""
"19584530"|""
"31226672"|""
"56804434"|""
"43309092"|""
"01456600"|""
"79922825"|""
"62952003"|""
"24761433"|""
"55360511"|""
"82865434"|""
"62843478"|""
"87479990"|""
"36017683"|""
"101296647"|""
"51838324"|""
"42381375"|""
"03694711"|""
"21338203"|""
"78834559"|""
"60294166"|""
"65640799"|""
"70059445"|""
"24565625"|""
"97791356"|""
"09561452"|""
"96117399"|""
"64259323"|""
"30917752"|""
"78588261"|""
"01675182"|""
"84836687"|""
"38854260"|""
"26995701"|""
"95547301"|""
"80439985"|""
"97640914"|""
"16695936"|""
"89100238"|""
"77989457"|""
"15540375"|""
"17192359"|""
"78609715"|""
"81861823"|""
"32527434"|""
"43908690"|""
"43352755"|""
"47187030"|""
"75136914"|""
"10760730"|""
"05231565"|""
"59968082"|""
"00498115"|""
"99010366"|""
"89952012"|""
"98522373"|""
"47802377"|""
"46455524"|""
"81218392"|""
"71244049"|""
"28401982"|""
"52236562"|""
"11511469"|""
"25031322"|""
"31163374"|""
"87026819"|""
"04705887"|""
"34559824"|""
"04434614"|""
"20067291"|""
"66602302"|""
"23391041"|""
"79201669"|""
"49432689"|""
"52539858"|""
"32081492"|""
"84858875"|""
"26486611"|""
"33797426"|""
"49606574"|""
"53427774"|""
"88248210"|""
"44510805"|""
"55210602"|""
"53215834"|""
"44830045"|""
"09185324"|""
"25354125"|""
"43571626"|""
"25376846"|""
"85649140"|""
"16489974"|""
"06019749"|""
"99983925"|""
"90076225"|""
"80639646"|""
"41713965"|""
"55164477"|""
"55547415"|""
"15809208"|""
"44567884"|""
"44485374"|""
"30876641"|""
"66262944"|""
"79703504"|""
"18448322"|""
"95115501"|""
"64449784"|""
"56897457"|""
"66197033"|""
"30657830"|""
"66451329"|""
"64897954"|""
"61746226"|""
"91755581"|""
"95623773"|""
"06402319"|""
"36635809"|""
"53753117"|""
"66198142"|""
"58809429"|""
"34692961"|""
"54526099"|""
"81741484"|""
"51470578"|""
"20690806"|""
"70247005"|""
"82304757"|""
"66109096"|""
"94216077"|""
"12568577"|""
"80628694"|""
"43074717"|""
"25027331"|""
"12420419"|""
"72853871"|""
"22662478"|""
"84001005"|""
"25988049"|""
"39430444"|""
"70983131"|""
"40967471"|""
"39386883"|""
"10937357"|""
"45826619"|""
"27675058"|""
"50053668"|""
"30872639"|""
"15387014"|""
"38476907"|""
"38929521"|""
"01384351"|""
"41734128"|""
"88085262"|""
"53363726"|""
"66094045"|""
"15154859"|""
"45754137"|""
"48247830"|""
"83495014"|""
"13084602"|""
"48191402"|""
"31043153"|""
"72849863"|""
"11017187"|""
"77011149"|""
"72104039"|""
"10518660"|""
"93844789"|""
"01279665"|""
"35396295"|""
"70383344"|""
"60634607"|""
"75887931"|""
"41436306"|""
"33553653"|""
"92423331"|""
"03933981"|""
"52804327"|""
"20805844"|""
"01641119"|""
"22054825"|""
"79360640"|""
"26970290"|""
"13802562"|""
"196809498"|""
"55292422"|""
"90768708"|""
"34175181"|""
"79357779"|""
"21603758"|""
"44155701"|""
"58306568"|""
"91700012"|""
"28086074"|""
"95029708"|""
"39097303"|""
"33858263"|""
"54753209"|""
"14291845"|""
"81534618"|""
"37199776"|""
"87512316"|""
"74402552"|""
"33236436"|""
"46686326"|""
"84016428"|""
"16672386"|""
"42928162"|""
"54302557"|""
"42013479"|""
"26364477"|""
"81342764"|""
"75065665"|""
"36190050"|""
"36948354"|""
"114187501"|""
"77973878"|""
"64125399"|""
"42448178"|""
"00750500"|""
"57091925"|""
"76695917"|""
"76301281"|""
"04923403"|""
"36128951"|""
"66130139"|""
"77246679"|""
"49103054"|""
"79502550"|""
"43114008"|""
"93577264"|""
"27623658"|""
"88415182"|""
"30715263"|""
"72638572"|""
"93478318"|""
"63669280"|""
"17138281"|""
"92253666"|""
"05189364"|""
"25006741"|""
"12813682"|""
"24133576"|""
"71413272"|""
"84320283"|""
"83275822"|""
"37976201"|""
"31740140"|""
"19489015"|""
"85170949"|""
"26160640"|""
"35855709"|""
"53169248"|""
"90269448"|""
"94161124"|""
"74015283"|""
"65665827"|""
"07867836"|""
"32117181"|""
"38617316"|""
"96235830"|""
"24621929"|""
"29922829"|""
"25679775"|""
"37101698"|""
"63034388"|""
"23079123"|""
"83087684"|""
"59460186"|""
"65375460"|""
"51379168"|""
"92004130"|""
"51141393"|""
"96924083"|""
"98134145"|""
"50201018"|""
"27497467"|""
"55159926"|""
"60124871"|""
"02166541"|""
"85570198"|""
"41336754"|""
"40175499"|""
"84209324"|""
"210850970"|""
"76784291"|""
"90766745"|""
"74364637"|""
"16954907"|""
"86521449"|""
"68934008"|""
"95690848"|""
"22821108"|""
"40895612"|""
"18046776"|""
"93720935"|""
"08116149"|""
"40238548"|""
"77465065"|""
"50468341"|""
"95561484"|""
"49504641"|""
"97658936"|""
"53563543"|""
"82455275"|""
"84748081"|""
"37877703"|""
"24069213"|""
"56364004"|""
"16871747"|""
"45159025"|""
"79170006"|""
"92985130"|""
"11199842"|""
"83596240"|""
"21484922"|""
"08386562"|""
"51227215"|""
"33106620"|""
"21594848"|""
"28563478"|""
"40140836"|""
"28082234"|""
"34311274"|""
"93515954"|""
"28352557"|""
"62461947"|""
"75974067"|""
"40970477"|""
"69965907"|""
"37448872"|""
"44680159"|""
"83881568"|""
"36791739"|""
"26960972"|""
"68957512"|""
"71507374"|""
"03171517"|""
"37192886"|""
"34866732"|""
"70056855"|""
"88020201"|""
"72827905"|""
"78331847"|""
"65368525"|""
"95637617"|""
"13047459"|""
"65603173"|""
"26107205"|""
"16169817"|""
"97578039"|""
"97963991"|""
"84919443"|""
"45028285"|""
"88393282"|""
"73740322"|""
"10288027"|""
"32935447"|""
"89460435"|""
"84988885"|""
"12944148"|""
"22359449"|""
"13561908"|""
"99509177"|""
"82801318"|""
"93327237"|""
"77595504"|""
"23313715"|""
"77965448"|""
"72076748"|""
"94973444"|""
"13068790"|""
"09097848"|""
"50149069"|""
"82653256"|""
"59957178"|""
"98012190"|""
"11400797"|""
"22818739"|""
"26153521"|""
"59929195"|""
"48681785"|""
"24724750"|""
"32594403"|""
"51134294"|""
"18425389"|""
"60947896"|""
"22593476"|""
"05568221"|""
"17144987"|""
"18046442"|""
"27536336"|""
"37820559"|""
"32131200"|""
"43754167"|""
"62950079"|""
"42867656"|""
"201018298"|""
"81760667"|""
"91077896"|""
"53879681"|""
"92691171"|""
"57723802"|""
"90869345"|""
"66108849"|""
"22670662"|""
"25639981"|""
"77628125"|""
"65109611"|""
"90933754"|""
"52488524"|""
"87384651"|""
"86475812"|""
"85677580"|""
"76632828"|""
"90390314"|""
"10927505"|""
"211999986"|""
"04841660"|""
"38145651"|""
"65576407"|""
"63291057"|""
"29362277"|""
"09438584"|""
"58832033"|""
"87841154"|""
"06438575"|""
"96723934"|""
"01130548"|""
"34902057"|""
"98225550"|""
"84201839"|""
"10802946"|""
"66727112"|""
"75039320"|""
"101081644"|""
"92644837"|""
"88439455"|""
"05990198"|""
"73273755"|""
"86052487"|""
"31916902"|""
"53387180"|""
"22415819"|""
"77483974"|""
"65145610"|""
"41267329"|""
"27274282"|""
"04413302"|""
"04646834"|""
"92096368"|""
"23320598"|""
"41191192"|""
"87302263"|""
"97825909"|""
"30682735"|""
"27155515"|""
"32467023"|""
"65000934"|""
"94519627"|""
"91216480"|""
"70244140"|""
"70262149"|""
"93559636"|""
"16568172"|""
"08963871"|""
"13337422"|""
"33934213"|""
"01443167"|""
"93362230"|""
"91159026"|""
"08467654"|""
"59066763"|""
"39800608"|""
"14942784"|""
"15787023"|""
"12677228"|""
"99789368"|""
"35282420"|""
"06792435"|""
"66530930"|""
"46930537"|""
"92149051"|""
"90769443"|""
"71954488"|""
"59978564"|""
"68620544"|""
"92124709"|""
"32224233"|""
"63182302"|""
"78978589"|""
"200816339"|""
"29882480"|""
"06125807"|""
"74943593"|""
"75210731"|""
"72144374"|""
"20853523"|""
"47401793"|""
"77219721"|""
"71897353"|""
"20811235"|""
"15370462"|""
"59434736"|""
"62176413"|""
"16026612"|""
"45427801"|""
"21418714"|""
"01212811"|""
"74759141"|""
"54352143"|""
"05558105"|""
"18584696"|""
"61533088"|""
"79113542"|""
"79217490"|""
"53605873"|""
"13735468"|""
"34510277"|""
"58916269"|""
"22833071"|""
"19480709"|""
"98265898"|""
"38849850"|""
"47058418"|""
"75542608"|""
"20191966"|""
"21475840"|""
"19591488"|""
"09614355"|""
"68793156"|""
"86456918"|""
"67375088"|""
"79617291"|""
"47812562"|""
"65643863"|""
"19031328"|""
"68821975"|""
"44460270"|""
"75949405"|""
"27960546"|""
"71490654"|""
"98709916"|""
"89925226"|""
"79475351"|""
"45347495"|""
"43104902"|""
"37524841"|""
"66352322"|""
"53793748"|""
"42090513"|""
"14112112"|""
"58989325"|""
"03024559"|""
"67687962"|""
"31140750"|""
"55489701"|""
"65304487"|""
"58185231"|""
"66425718"|""
"62821710"|""
"68009130"|""
"59929581"|""
"44899975"|""
"32543920"|""
"66531635"|""
"45352493"|""
"89525535"|""
"72246543"|""
"40585036"|""
"21886359"|""
"41544101"|""
"17141061"|""
"91854021"|""
"86291310"|""
"58128033"|""
"21644701"|""
"212753493"|""
"95065387"|""
"53767080"|""
"57527720"|""
"60468103"|""
"48996148"|""
"09276403"|""
"48875784"|""
"45175469"|""
"22438873"|""
"05005693"|""
"50137599"|""
"86667637"|""
"89048743"|""
"03898464"|""
"86552655"|""
"53896078"|""
"35161403"|""
"69118418"|""
"67770165"|""
"31510609"|""
"58822129"|""
"48874849"|""
"06499135"|""
"61780847"|""
"05994451"|""
"81139983"|""
"77653019"|""
"35658336"|""
"74304305"|""
"06876735"|""
"200821799"|""
"56998058"|""
"95089055"|""
"72515413"|""
"42135497"|""
"76208443"|""
"65220820"|""
"39312325"|""
"36798475"|""
"77904839"|""
"08616339"|""
"57809910"|""
"26534955"|""
"83021013"|""
"32908715"|""
"20370372"|""
"54153012"|""
"33858602"|""
"27773426"|""
"90085463"|""
"85400351"|""
"76044306"|""
"87692094"|""
"54090698"|""
"87163736"|""
"10941682"|""
"99837566"|""
"24347450"|""
"69029122"|""
"69299834"|""
"71989678"|""
"02487205"|""
"14440083"|""
"89346762"|""
"32135595"|""
"24290712"|""
"78124042"|""
"70733488"|""
"09305773"|""
"45405969"|""
"28712198"|""
"14948940"|""
"35545959"|""
"66627558"|""
"83864908"|""
"69001631"|""
"01479581"|""
"02363506"|""
"37332706"|""
"43854687"|""
"65274973"|""
"66811946"|""
"61942421"|""
"70736747"|""
"75046648"|""
"34797644"|""
"97019943"|""
"90049312"|""
"50164672"|""
"95908041"|""
"04694831"|""
"57543002"|""
"62328883"|""
"78707784"|""
"00982165"|""
"25775491"|""
"42417439"|""
"26628322"|""
"53801147"|""
"05841714"|""
"54271228"|""
"80581393"|""
"99762405"|""
"76580501"|""
"80239611"|""
"29269584"|""
"61138880"|""
"97874902"|""
"43463860"|""
"95712329"|""
"78177814"|""
"59255930"|""
"10979562"|""
"47776245"|""
"53736845"|""
"59608374"|""
"46237329"|""
"98785445"|""
"43727341"|""
"13927440"|""
"93152250"|""
"51769379"|""
"48732822"|""
"49450672"|""
"33150465"|""
"64548604"|""
"95217133"|""
"96485139"|""
"211303830"|""
"84003030"|""
"98021914"|""
"02802376"|""
"04220056"|""
"52600071"|""
"82740157"|""
"49889716"|""
"79703658"|""
"48910446"|""
"37248014"|""
"43017059"|""
"04823314"|""
"32345173"|""
"61742096"|""
"94295218"|""
"49132690"|""
"09802768"|""
"20250602"|""
"90464733"|""
"92732879"|""
"41652630"|""
"43063002"|""
"74229412"|""
"18340569"|""
"98300508"|""
"42389569"|""
"58864298"|""
"64114777"|""
"24114957"|""
"21093421"|""
"29447612"|""
"38630312"|""
"69322814"|""
"67376310"|""
"83327878"|""
"60584230"|""
"78100616"|""
"08166913"|""
"99412754"|""
"00690801"|""
"77156727"|""
"63659161"|""
"17957418"|""
"20879271"|""
"90264514"|""
"42977005"|""
"40634115"|""
"87466184"|""
"21994327"|""
"10095264"|""
"95292737"|""
"62288265"|""
"36288664"|""
"47095543"|""
"53492135"|""
"52034124"|""
"88166700"|""
"39396954"|""
"59885084"|""
"17026069"|""
"99361462"|""
"41213822"|""
"24018201"|""
"98934194"|""
"46966359"|""
"35092224"|""
"36874461"|""
"30033480"|""
"63259237"|""
"70882631"|""
"24698132"|""
"31215241"|""
"84247814"|""
"14323746"|""
"41826603"|""
"91861308"|""
"68201646"|""
"72540200"|""
"41360032"|""
"89116865"|""
"79099178"|""
"62497995"|""
"24526614"|""
"04268797"|""
"55170714"|""
"77091546"|""
"48692432"|""
"62485368"|""
"03718392"|""
"17167239"|""
"81490930"|""
"27621867"|""
"21625309"|""
"18913288"|""
"69252691"|""
"01917366"|""
"17256627"|""
"55035113"|""
"83750590"|""
"39275032"|""
"45764003"|""
"76405091"|""
"05892025"|""
"84973916"|""
"81705946"|""
"98948939"|""
"05465257"|""
"61359295"|""
"95396389"|""
"45133427"|""
"34320935"|""
"14212995"|""
"52749744"|""
"28794197"|""
"75483627"|""
"18408983"|""
"71770858"|""
"94482540"|""
"12589725"|""
"86548522"|""
"56165379"|""
"91413840"|""
"12681763"|""
"42916908"|""
"64388334"|""
"65589365"|""
"16098342"|""
"18065960"|""
"75113297"|""
"74023185"|""
"45571836"|""
"98307652"|""
"35060605"|""
"96332700"|""
"60217471"|""
"91982306"|""
"66912569"|""
"21085423"|""
"05369387"|""
"31332926"|""
"57730142"|""
"59104947"|""
"01156365"|""
"65421502"|""
"78338509"|""
"15912801"|""
"76659851"|""
"20536227"|""
"18678347"|""
"99744085"|""
"16323395"|""
"54630515"|""
"81086210"|""
"28593877"|""
"80188312"|""
"31436438"|""
"98752897"|""
"42547092"|""
"83912497"|""
"63090043"|""
"93642832"|""
"04190884"|""
"07530954"|""
"96870926"|""
"30708090"|""
"00522525"|""
"46599297"|""
"85068379"|""
"31993184"|""
"52079871"|""
"16936471"|""
"39595283"|""
"77784430"|""
"80906293"|""
"32480301"|""
"13655094"|""
"02991659"|""
"79225740"|""
"99073269"|""
"82417259"|""
"70462482"|""
"82291046"|""
"78043539"|""
"94714221"|""
"07502415"|""
"78705945"|""
"25000971"|""
"18866370"|""
"68851908"|""
"99688371"|""
"31684831"|""
"24143817"|""
"39249816"|""
"72245581"|""
"24141831"|""
"88895907"|""
"11984308"|""
"87548700"|""
"101455"|""
"21542633"|""
"76082565"|""
"30887419"|""
"38021272"|""
"75503126"|""
"67488985"|""
"26747848"|""
"75482976"|""
"18645652"|""
"10927659"|""
"67423364"|""
"96554248"|""
"51587886"|""
"04674458"|""
"88098513"|""
"08658580"|""
"83032181"|""
"18758505"|""
"12278265"|""
"69815757"|""
"03347025"|""
"59964280"|""
"00191938"|""
"41631811"|""
"29571119"|""
"55228094"|""
"68603862"|""
"87788887"|""
"12424615"|""
"30278263"|""
"82177207"|""
"75968957"|""
"66258927"|""
"98150031"|""
"52739980"|""
"83606437"|""
"90853647"|""
"56758061"|""
"51935029"|""
"31012891"|""
"51449629"|""
"89849869"|""
"96980294"|""
"03078466"|""
"40996643"|""
"89864829"|""
"95101223"|""
"17693225"|""
"56175696"|""
"98705859"|""
"94895299"|""
"92178409"|""
"71724783"|""
"57014578"|""
"28252010"|""
"08067167"|""
"43769348"|""
"15624429"|""
"95427972"|""
"80923421"|""
"02939308"|""
"68564052"|""
"97135346"|""
"51495100"|""
"68511166"|""
"73400709"|""
"84143061"|""
"33183790"|""
"17819275"|""
"59038995"|""
"59678233"|""
"80472859"|""
"97138978"|""
"00594736"|""
"36869658"|""
"09780752"|""
"12663201"|""
"83698047"|""
"211316139"|""
"79820822"|""
"27381568"|""
"14995489"|""
"88405088"|""
"81548460"|""
"10484756"|""
"92946616"|""
"54072834"|""
"02487183"|""
"73755687"|""
"55373169"|""
"26721964"|""
"92120911"|""
"81795724"|""
"99971453"|""
"68448219"|""
"33995545"|""
"33618767"|""
"40182978"|""
"87044347"|""
"55798563"|""
"20968111"|""
"10586400"|""
"93053783"|""
"85261847"|""
"78725458"|""
"95929555"|""
"85114686"|""
"57538435"|""
"65277057"|""
"69910433"|""
"66083694"|""
"12681507"|""
"73949687"|""
"82616320"|""
"63048657"|""
"26512163"|""
"89150273"|""
"24926468"|""
"13158680"|""
"54191273"|""
"10486682"|""
"99560681"|""
"25091324"|""
"24424547"|""
"20246604"|""
"42133372"|""
"73936117"|""
"88167520"|""
"83090996"|""
"01742961"|""
"29044220"|""
"211304115"|""
"91434944"|""
"13078219"|""
"33719477"|""
"38028796"|""
"67882146"|""
"79550387"|""
"26462815"|""
"84009725"|""
"41923858"|""
"41017540"|""
"29400258"|""
"01560210"|""
"42591019"|""
"52191601"|""
"72810409"|""
"28963631"|""
"05355531"|""
"32518871"|""
"25661753"|""
"55228710"|""
"18508924"|""
"38998069"|""
"71065174"|""
"21625336"|""
"77951326"|""
"13740091"|""
"38551515"|""
"43042682"|""
"111636993"|""
"97542204"|""
"48937997"|""
"40727172"|""
"40262894"|""
"39412879"|""
"57422387"|""
"78804396"|""
"64961346"|""
"54512589"|""
"04179322"|""
"08597711"|""
"40477737"|""
"80122260"|""
"72211742"|""
"47155697"|""
"206286084"|""
"68561800"|""
"96748636"|""
"56565077"|""
"76944843"|""
"34175064"|""
"86980759"|""
"55707471"|""
"39455092"|""
"66294103"|""
"40897131"|""
"46624832"|""
"96785580"|""
"42251145"|""
"15543155"|""
"94788634"|""
"14633892"|""
"88857527"|""
"08276049"|""
"18282516"|""
"07092219"|""
"15745484"|""
"88824495"|""
"31139059"|""
"64059550"|""
"94420959"|""
"28022327"|""
"201463364"|""
"43702316"|""
"77868319"|""
"35122971"|""
"38395004"|""
"75159022"|""
"91002085"|""
"63109733"|""
"00088351"|""
"26794196"|""
"62507228"|""
"15234574"|""
"64854698"|""
"50658070"|""
"12002978"|""
"67315293"|""
"85299121"|""
"75785932"|""
"71902721"|""
"97885024"|""
"07295305"|""
"68960278"|""
"01243413"|""
"86832513"|""
"62177287"|""
"45499557"|""
"31287472"|""
"69202114"|""
"21507105"|""
"55945606"|""
"51576717"|""
"30773573"|""
"20396737"|""
"68160748"|""
"30393240"|""
"201455598"|""
"80154587"|""
"64132232"|""
"25695216"|""
"54311487"|""
"32211714"|""
"63498974"|""
"05178554"|""
"30771224"|""
"00066615"|""
"82584805"|""
"71913887"|""
"91185283"|""
"59907661"|""
"38158448"|""
"71804790"|""
"64412305"|""
"85569571"|""
"65358254"|""
"49521849"|""
"44138225"|""
"28918077"|""
"63893682"|""
"30464013"|""
"211303026"|""
"66099486"|""
"83679512"|""
"33059424"|""
"69141209"|""
"23375614"|""
"14167630"|""
"48879249"|""
"14377524"|""
"10055720"|""
"201332326"|""
"65547279"|""
"88353544"|""
"33065310"|""
"20831245"|""
"72631401"|""
"85064548"|""
"08892889"|""
"29911198"|""
"80057008"|""
"58914860"|""
"93211800"|""
"99558703"|""
"52398896"|""
"11702384"|""
"27354788"|""
"48092910"|""
"99738990"|""
"201435556"|""
"20100836"|""
"44222179"|""
"08276370"|""
"49016234"|""
"01632631"|""
"200807112"|""
"85259555"|""
"45648330"|""
"67505251"|""
"48765121"|""
"15372195"|""
"79540291"|""
"73553809"|""
"70808668"|""
"28223568"|""
"47066032"|""
"28970452"|""
"27477934"|""
"65481109"|""
"01253728"|""
"93380951"|""
"76144833"|""
"77464688"|""
"81400990"|""
"53776946"|""
"80859586"|""
"87936051"|""
"67574988"|""
"19466106"|""
"48061694"|""
"15547094"|""
"38925735"|""
"19011451"|""
"29089784"|""
"59114923"|""
"54209750"|""
"47700269"|""
"91902385"|""
"00050537"|""
"36036838"|""
"42463323"|""
"37726472"|""
"32220881"|""
"24199069"|""
"26822074"|""
"10778647"|""
"02064737"|""
"41296052"|""
"85824891"|""
"12508498"|""
"15408343"|""
"12453353"|""
"40363204"|""
"26228415"|""
"11076081"|""
"43310349"|""
"56441800"|""
"08687225"|""
"35624399"|""
"52859534"|""
"50406527"|""
"79611445"|""
"78362714"|""
"01173047"|""
"94636257"|""
"88746290"|""
"70964811"|""
"57186606"|""
"25062982"|""
"59555100"|""
"19904744"|""
"14286534"|""
"50207388"|""
"34121792"|""
"12304776"|""
"32880301"|""
"98638229"|""
"35828263"|""
"24202055"|""
"75264054"|""
"64196202"|""
"13714956"|""
"78075587"|""
"14435845"|""
"83275676"|""
"79380421"|""
"92087733"|""
"53743225"|""
"50791269"|""
"58138836"|""
"65460741"|""
"01669756"|""
"82005641"|""
"00345507"|""
"98304384"|""
"73536006"|""
"15710917"|""
"09361688"|""
"55608922"|""
"76842567"|""
"43532085"|""
"22276283"|""
"48917142"|""
"80188998"|""
"83604288"|""
"82435938"|""
"69718504"|""
"19999136"|""
"57386755"|""
"66782898"|""
"58090180"|""
"67256144"|""
"73916252"|""
"40762368"|""
"17110367"|""
"52885553"|""
"56357732"|""
"55065205"|""
"68836123"|""
"89961980"|""
"72455810"|""
"49551651"|""
"34569492"|""
"55565730"|""
"34543348"|""
"10221578"|""
"98720933"|""
"28351504"|""
"67200184"|""
"05649587"|""
"62208121"|""
"36262572"|""
"99542445"|""
"53216894"|""
"77008304"|""
"04687880"|""
"59594860"|""
"05455173"|""
"17564083"|""
"88642067"|""
"51193204"|""
"14213787"|""
"98031526"|""
"20861095"|""
"24753035"|""
"32977755"|""
"17736088"|""
"52876142"|""
"71985190"|""
"63927510"|""
"27499850"|""
"85633558"|""
"18504197"|""
"22881393"|""
"50278438"|""
"48437537"|""
"78791275"|""
"85435674"|""
"10233614"|""
"05211770"|""
"56198762"|""
"74803970"|""
"98462872"|""
"17086457"|""
"02433306"|""
"53665317"|""
"00826509"|""
"96412464"|""
"14572856"|""
"27543052"|""
"42736379"|""
"28870048"|""
"43695255"|""
"82696225"|""
"14711591"|""
"93655444"|""
"90964447"|""
"71698779"|""
"42597976"|""
"90239791"|""
"62091384"|""
"85506347"|""
"99112726"|""
"96470800"|""
"14272001"|""
"42945513"|""
"46367725"|""
"10731523"|""
"43944320"|""
"03081984"|""
"83650040"|""
"13598361"|""
"13227675"|""
"41895123"|""
"10945666"|""
"45271836"|""
"18171311"|""
"67184807"|""
"98431119"|""
"04597210"|""
"54577093"|""
"70383214"|""
"31478716"|""
"94844810"|""
"19579244"|""
"87374285"|""
"91364769"|""
"91783941"|""
"54854928"|""
"26367780"|""
"41939568"|""
"84038567"|""
"28089514"|""
"55365100"|""
"98214838"|""
"03874299"|""
"74932924"|""
"38606801"|""
"80589850"|""
"97886249"|""
"99379539"|""
"74800111"|""
"45459037"|""
"55537653"|""
"78048427"|""
"06398535"|""
"23081417"|""
"23380867"|""
"10374933"|""
"19765056"|""
"22410774"|""
"95867034"|""
"69928026"|""
"03524539"|""
"98911487"|""
"29885985"|""
"87663205"|""
"80587071"|""
"17328065"|""
"30228972"|""
"07884243"|""
"56531957"|""
"88207342"|""
"06186495"|""
"53040040"|""
"41020434"|""
"01368773"|""
"96120716"|""
"37757868"|""
"26678793"|""
"66774328"|""
"69415689"|""
"45880724"|""
"88524848"|""
"92711517"|""
"43794773"|""
"22825553"|""
"34448728"|""
"92308812"|""
"46931287"|""
"01455552"|""
"22155180"|""
"75323945"|""
"02874562"|""
"05358148"|""
"48870788"|""
"01052720"|""
"64505864"|""
"11632541"|""
"84334136"|""
"10123163"|""
"18306618"|""
"75174408"|""
"28080792"|""
"71973599"|""
"97382588"|""
"55711915"|""
"80203810"|""
"85669361"|""
"57544447"|""
"21452916"|""
"74316279"|""
"86956731"|""
"21773598"|""
"98582823"|""
"17507504"|""
"31911869"|""
"82388462"|""
"91265475"|""
"66141592"|""
"76555261"|""
"60005968"|""
"74579420"|""
"57282738"|""
"98675197"|""
"78786064"|""
"75121352"|""
"12116229"|""
"50943081"|""
"94958873"|""
"59383693"|""
"87680338"|""
"78114237"|""
"90991796"|""
"79204161"|""
"61550181"|""
"65877629"|""
"60122161"|""
"70676504"|""
"20869872"|""
"59940699"|""
"02624245"|""
"25225138"|""
"69633480"|""
"76633731"|""
"79387523"|""
"36422193"|""
"75370143"|""
"37925087"|""
"64704047"|""
"82447301"|""
"83168827"|""
"14831354"|""
"09612610"|""
"27283955"|""
"14750524"|""
"25614120"|""
"17081683"|""
"13631443"|""
"98204012"|""
"31412251"|""
"17013343"|""
"23632249"|""
"12036875"|""
"15055945"|""
"47372420"|""
"11703350"|""
"31417304"|""
"81996354"|""
"18751056"|""
"19847177"|""
"50306170"|""
"70406720"|""
"21056011"|""
"50178206"|""
"42691410"|""
"95862717"|""
"28973765"|""
"49375970"|""
"70764090"|""
"96290862"|""
"14334557"|""
"45085859"|""
"63864018"|""
"83818456"|""
"68334779"|""
"41799304"|""
"25607911"|""
"80049472"|""
"32747942"|""
"65118991"|""
"86778917"|""
"51237455"|""
"73532374"|""
"22480771"|""
"17405551"|""
"78176823"|""
"23141560"|""
"91000960"|""
"33500778"|""
"56561578"|""
"78383914"|""
"77102318"|""
"51637446"|""
"07249246"|""
"74374011"|""
"35343785"|""
"33493463"|""
"33231205"|""
"66975603"|""
"82938247"|""
"40360260"|""
"90940395"|""
"48629702"|""
"95714762"|""
"67748462"|""
"18337384"|""
"09317176"|""
"99525063"|""
"43191296"|""
"62606521"|""
"35675784"|""
"96229111"|""
"49828464"|""
"30623067"|""
"211304243"|""
"39198328"|""
"84651320"|""
"66895730"|""
"11680535"|""
"41293454"|""
"26448120"|""
"34080038"|""
"41470650"|""
"63717382"|""
"96382201"|""
"92444096"|""
"76439579"|""
"60155556"|""
"20092308"|""
"58713335"|""
"27093025"|""
"87071545"|""
"96455982"|""
"94110159"|""
"74827603"|""
"92083437"|""
"34149226"|""
"21646085"|""
"87597410"|""
"99278154"|""
"80998726"|""
"53536657"|""
"32255338"|""
"46740172"|""
"98326413"|""
"59103296"|""
"36977894"|""
"40275733"|""
"55187120"|""
"76509775"|""
"67407109"|""
"30743454"|""
"58619825"|""
"66194244"|""
"86937796"|""
"35446354"|""
"20187398"|""
"17966710"|""
"46977178"|""
"49092564"|""
"39332770"|""
"29097352"|""
"35246487"|""
"81535998"|""
"42434665"|""
"34719657"|""
"15577606"|""
"79072466"|""
"28717757"|""
"204195524"|""
"25291569"|""
"02990393"|""
"84074604"|""
"51564956"|""
"85086779"|""
"43055510"|""
"39795588"|""
"17147245"|""
"00611055"|""
"19622816"|""
"73298741"|""
"94467142"|""
"19729079"|""
"47387518"|""
"09521219"|""
"38910586"|""
"47312457"|""
"32632368"|""
"33715706"|""
"51176475"|""
"35207374"|""
"37539542"|""
"70592759"|""
"42484946"|""
"09131034"|""
"47177875"|""
"65186231"|""
"07351937"|""
"85888336"|""
"33424030"|""
"10439147"|""
"10271474"|""
"57754576"|""
"84853614"|""
"66268205"|""
"45093392"|""
"99666150"|""
"80471221"|""
"49402011"|""
"58693176"|""
"85127455"|""
"92750082"|""
"82749011"|""
"19747400"|""
"42996817"|""
"26704180"|""
"67798012"|""
"28306978"|""
"47663885"|""
"15832729"|""
"80128258"|""
"02246835"|""
"09227628"|""
"61416272"|""
"86678697"|""
"17445271"|""
"46734662"|""
"50379089"|""
"37190482"|""
"81188776"|""
"49910573"|""
"16516632"|""
"60719887"|""
"99696898"|""
"32300111"|""
"00363729"|""
"30693617"|""
"16266733"|""
"11506093"|""
"36056716"|""
"60245158"|""
"50113290"|""
"87943496"|""
"32672473"|""
"04493962"|""
"76231707"|""
"53507854"|""
"98999459"|""
"66892470"|""
"70714554"|""
"58597082"|""
"57540690"|""
"79430949"|""
"46552507"|""
"22966855"|""
"19291321"|""
"30170155"|""
"08547239"|""
"08179702"|""
"67366956"|""
"50481363"|""
"87037676"|""
"19112259"|""
"43646327"|""
"52810347"|""
"94405813"|""
"52990030"|""
"92779424"|""
"94981508"|""
"10992347"|""
"04109042"|""
"01340374"|""
"05684372"|""
"36648794"|""
"08527430"|""
"95657507"|""
"26016374"|""
"24565322"|""
"49921180"|""
"91349320"|""
"42840636"|""
"17165285"|""
"49668226"|""
"98404863"|""
"45969332"|""
"42685798"|""
"63081290"|""
"49156448"|""
"31833959"|""
"46737146"|""
"31209500"|""
"58027462"|""
"86184306"|""
"27701258"|""
"52295456"|""
"50444521"|""
"43905147"|""
"05087405"|""
"15817847"|""
"36863310"|""
"60321985"|""
"83755067"|""
"44171760"|""
"40381677"|""
"87058318"|""
"86038399"|""
"65296474"|""
"31415925"|""
"81361625"|""
"80632009"|""
"22357628"|""
"25053289"|""
"26353444"|""
"10278983"|""
"39779705"|""
"80511231"|""
"68291274"|""
"54121676"|""
"81251737"|""
"01705368"|""
"08543515"|""
"82964546"|""
"65186862"|""
"62955234"|""
"83513963"|""
"98645322"|""
"04644076"|""
"73630589"|""
"81731411"|""
"83795442"|""
"83050454"|""
"02146700"|""
"78726384"|""
"07960250"|""
"37231229"|""
"81432498"|""
"70612682"|""
"04686341"|""
"49058505"|""
"13508913"|""
"63390566"|""
"40520677"|""
"91961437"|""
"48624200"|""
"97926654"|""
"92415079"|""
"58691750"|""
"68688200"|""
"22196025"|""
"36924102"|""
"69841139"|""
"00090405"|""
"26887532"|""
"70755891"|""
"86340830"|""
"78304056"|""
"204742705"|""
"87878236"|""
"54789089"|""
"02717583"|""
"30200968"|""
"82352762"|""
"14519025"|""
"49774577"|""
"56523343"|""
"20786073"|""
"73835625"|""
"37199387"|""
"34294423"|""
"93526437"|""
"19276711"|""
"33920573"|""
"20871359"|""
"60903037"|""
"42237964"|""
"22151595"|""
"77846427"|""
"86251730"|""
"10062480"|""
"87199179"|""
"19166188"|""
"00466667"|""
"43615363"|""
"35233573"|""
"25826087"|""
"91280671"|""
"74510465"|""
"26063121"|""
"38266124"|""
"59841381"|""
"60340642"|""
"30868533"|""
"61119600"|""
"26552238"|""
"79216914"|""
"99850299"|""
"66729440"|""
"36954641"|""
"01292999"|""
"43039216"|""
"24011489"|""
"25908540"|""
"73386974"|""
"64549072"|""
"34681556"|""
"201446065"|""
"95686498"|""
"36310585"|""
"85444981"|""
"79570573"|""
"29982083"|""
"11832880"|""
"00440425"|""
"75876303"|""
"14601344"|""
"43479095"|""
"06393606"|""
"39507731"|""
"88192481"|""
"64460762"|""
"37050747"|""
"51261852"|""
"63864479"|""
"198744686"|""
"62050790"|""
"83277548"|""
"86080748"|""
"14656101"|""
"82283137"|""
"24645251"|""
"65296434"|""
"81724699"|""
"86946749"|""
"83678805"|""
"25459552"|""
"64832205"|""
"37916457"|""
"85233189"|""
"81158680"|""
"80618487"|""
"198875831"|""
"92818823"|""
"56241298"|""
"51060045"|""
"09081038"|""
"67986243"|""
"79519239"|""
"69260590"|""
"91998893"|""
"93506630"|""
"11071462"|""
"25688834"|""
"63555675"|""
"37586522"|""
"66954997"|""
"09542559"|""
"75704360"|""
"20767260"|""
"90041601"|""
"02396267"|""
"32923986"|""
"78689162"|""
"35674292"|""
"23233184"|""
"02553777"|""
"22750577"|""
"93243786"|""
"61605987"|""
"89764680"|""
"59000457"|""
"16112821"|""
"12160686"|""
"09896430"|""
"114190358"|""
"00128613"|""
"39429544"|""
"51666569"|""
"08272109"|""
"95949558"|""
"73723956"|""
"26933306"|""
"49215170"|""
"73384891"|""
"96153779"|""
"47667682"|""
"03661833"|""
"14053332"|""
"69029225"|""
"94961026"|""
"05658046"|""
"31853519"|""
"92925367"|""
"39834968"|""
"75507488"|""
"94318904"|""
"43350349"|""
"92669209"|""
"88533445"|""
"86551549"|""
"58126768"|""
"57123244"|""
"46093213"|""
"60126386"|""
"89481463"|""
"80422632"|""
"63644601"|""
"05217965"|""
"17484100"|""
"73158817"|""
"46364371"|""
"63991458"|""
"45189625"|""
"94825455"|""
"42635115"|""
"38882790"|""
"27130477"|""
"80039577"|""
"49571724"|""
"33695184"|""
"59726196"|""
"86961123"|""
"07073273"|""
"94008085"|""
"23349313"|""
"97376476"|""
"74252778"|""
"66450013"|""
"44006681"|""
"54019302"|""
"51216545"|""
"77905156"|""
"53950591"|""
"49688897"|""
"97641292"|""
"05899795"|""
"32941875"|""
"93980587"|""
"90963918"|""
"81218184"|""
"47162425"|""
"88921229"|""
"90840719"|""
"11069839"|""
"04500234"|""
"66871857"|""
"14943743"|""
"71865169"|""
"39986690"|""
"96244841"|""
"11881899"|""
"86164517"|""
"10500279"|""
"37001929"|""
"68079895"|""
"24795623"|""
"24197732"|""
"46862579"|""
"23786160"|""
"77246421"|""
"98927765"|""
"23137666"|""
"65007100"|""
"20585615"|""
"28171879"|""
"41429485"|""
"57012320"|""
"39080314"|""
"93797702"|""
"05645608"|""
"80605935"|""
"02526099"|""
"85467299"|""
"44240757"|""
"42515413"|""
"55621590"|""
"36065581"|""
"30211275"|""
"60361641"|""
"67584379"|""
"96646899"|""
"19299812"|""
"35868181"|""
"09531133"|""
"17917467"|""
"27530792"|""
"87046855"|""
"98106145"|""
"19893579"|""
"02143760"|""
"80826352"|""
"42736130"|""
"45258509"|""
"98004633"|""
"81020310"|""
"03025557"|""
"28267059"|""
"79658209"|""
"40670943"|""
"12943358"|""
"31353072"|""
"57354386"|""
"38770832"|""
"27145461"|""
"89734670"|""
"08730087"|""
"00705070"|""
"20668717"|""
"44793770"|""
"71515330"|""
"90275796"|""
"69053072"|""
"60567140"|""
"24142510"|""
"41085522"|""
"43026261"|""
"40385461"|""
"96940406"|""
"60790927"|""
"21402252"|""
"16111301"|""
"44461736"|""
"08463585"|""
"44441583"|""
"74130679"|""
"07654923"|""
"49392011"|""
"95013344"|""
"45773204"|""
"29590050"|""
"47177056"|""
"19704548"|""
"20741560"|""
"20820477"|""
"52070696"|""
"91137711"|""
"37233508"|""
"57141469"|""
"69065509"|""
"12720491"|""
"80675719"|""
"23081468"|""
"87527254"|""
"11040358"|""
"70447976"|""
"53509883"|""
"01875373"|""
"65679614"|""
"98037280"|""
"57288643"|""
"95980165"|""
"84023218"|""
"01363265"|""
"49115820"|""
"35377339"|""
"44994449"|""
"91943636"|""
"83944994"|""
"59106135"|""
"48743202"|""
"23476347"|""
"79390115"|""
"14065513"|""
"78695236"|""
"83593552"|""
"24433086"|""
"58667468"|""
"71274959"|""
"04945620"|""
"40274734"|""
"96598392"|""
"32100967"|""
"43258520"|""
"43707934"|""
"53768512"|""
"07898614"|""
"27831437"|""
"82105530"|""
"18217083"|""
"20705385"|""
"02003733"|""
"74806470"|""
"59827313"|""
"12197167"|""
"19600246"|""
"05766244"|""
"93910987"|""
"10116241"|""
"19327799"|""
"45974668"|""
"82201140"|""
"07574255"|""
"46136845"|""
"74919006"|""
"80962822"|""
"21101299"|""
"17883448"|""
"13113042"|""
"59933062"|""
"82557746"|""
"47667700"|""
"07914495"|""
"82183059"|""
"07541377"|""
"10175597"|""
"35950107"|""
"24422060"|""
"52853860"|""
"54614659"|""
"87128477"|""
"02225519"|""
"52784416"|""
"67944746"|""
"80717682"|""
"64535048"|""
"45494564"|""
"86003414"|""
"68256184"|""
"11902643"|""
"88759978"|""
"48742448"|""
"10616334"|""
"78434608"|""
"44085868"|""
"51372401"|""
"96642301"|""
"27586067"|""
"69765005"|""
"10050427"|""
"04263305"|""
"94300651"|""
"25097085"|""
"58550306"|""
"70964303"|""
"29235619"|""
"47748208"|""
"64246656"|""
"44897750"|""
"52545342"|""
"27848236"|""
"67393900"|""
"07659375"|""
"29552222"|""
"41182099"|""
"51653308"|""
"58192874"|""
"68508403"|""
"87974640"|""
"87695792"|""
"34196519"|""
"72354833"|""
"25206249"|""
"15694273"|""
"90138074"|""
"70025395"|""
"38237490"|""
"94691310"|""
"82620272"|""
"76043395"|""
"22377209"|""
"80637967"|""
"62297521"|""
"95938995"|""
"77242148"|""
"55887816"|""
"93128331"|""
"20933769"|""
"01612465"|""
"13960990"|""
"27500991"|""
"09368559"|""
"82046328"|""
"06015735"|""
"70727951"|""
"29604776"|""
"91442485"|""
"57917713"|""
"57167937"|""
"33939011"|""
"20744496"|""
"51711059"|""
"69210668"|""
"84010862"|""
"39544734"|""
"12808253"|""
"99381059"|""
"06341992"|""
"41086209"|""
"91474760"|""
"85180731"|""
"82824016"|""
"39335897"|""
"04825750"|""
"84748209"|""
"62668682"|""
"43103838"|""
"02168112"|""
"29901003"|""
"89924609"|""
"54081394"|""
"51142638"|""
"33473317"|""
"15311549"|""
"05273465"|""
"91212195"|""
"87456795"|""
"50794110"|""
"73312999"|""
"30442319"|""
"29356134"|""
"50889764"|""
"96171002"|""
"79245268"|""
"78181215"|""
"74710498"|""
"31676295"|""
"55461999"|""
"39076298"|""
"80162946"|""
"64732686"|""
"78014019"|""
"03652440"|""
"98169178"|""
"78409520"|""
"17128353"|""
"32474378"|""
"29999218"|""
"93869431"|""
"88497083"|""
"99561456"|""
"84005025"|""
"55986499"|""
"61416661"|""
"65341534"|""
"36428953"|""
"13251504"|""
"86595835"|""
"12088469"|""
"77267766"|""
"25809403"|""
"38343209"|""
"80118330"|""
"63556522"|""
"95604858"|""
"06473720"|""
"50696786"|""
"88300319"|""
"27343930"|""
"66416312"|""
"66073824"|""
"55513178"|""
"50687431"|""
"97116924"|""
"63084792"|""
"52367307"|""
"35144930"|""
"29414742"|""
"39031378"|""
"44425241"|""
"63853141"|""
"65137955"|""
"86076239"|""
"67656871"|""
"54258397"|""
"76400865"|""
"28951520"|""
"55759981"|""
"95056278"|""
"90797302"|""
"83172742"|""
"29082703"|""
"09679092"|""
"31168617"|""
"66890036"|""
"34595071"|""
"31046145"|""
"56831673"|""
"13653505"|""
"98590928"|""
"61638993"|""
"28411275"|""
"25149261"|""
"68549981"|""
"50104422"|""
"98497013"|""
"89254149"|""
"89117316"|""
"50869794"|""
"03894048"|""
"75898463"|""
"32765484"|""
"11684420"|""
"77446748"|""
"76311504"|""
"80225159"|""
"74696297"|""
"74078676"|""
"38556512"|""
"72737431"|""
"47875441"|""
"33546431"|""
"48404462"|""
"92704886"|""
"62375893"|""
"78416063"|""
"99360485"|""
"66653010"|""
"58419499"|""
"55484999"|""
"95187766"|""
"63494819"|""
"14165209"|""
"85299933"|""
"46239755"|""
"32128352"|""
"96372321"|""
"92177629"|""
"72316469"|""
"41790975"|""
"90567747"|""
"47743869"|""
"44474604"|""
"80366489"|""
"34395726"|""
"23031040"|""
"67060430"|""
"66781188"|""
"94412582"|""
"07647465"|""
"42975589"|""
"21323433"|""
"20023078"|""
"66748142"|""
"96116543"|""
"31926890"|""
"36972989"|""
"64502368"|""
"65020471"|""
"86495451"|""
"42775292"|""
"47303224"|""
"96297733"|""
"28078169"|""
"75639859"|""
"67884906"|""
"31317812"|""
"66076258"|""
"82652532"|""
"95375178"|""
"96617393"|""
"39103648"|""
"24504792"|""
"27989380"|""
"04081697"|""
"85333640"|""
"22429759"|""
"51655615"|""
"77914880"|""
"13319797"|""
"67712849"|""
"62998729"|""
"30673114"|""
"64254225"|""
"83573430"|""
"55007608"|""
"35226548"|""
"67942740"|""
"16434857"|""
"79771888"|""
"50718964"|""
"16461746"|""
"38965954"|""
"05508625"|""
"18064773"|""
"50459431"|""
"50703701"|""
"30454477"|""
"39212710"|""
"17203567"|""
"51862110"|""
"09896219"|""
"77037809"|""
"65237712"|""
"46144384"|""
"62435441"|""
"68143829"|""
"02384284"|""
"87203371"|""
"23440260"|""
"01930034"|""
"04183432"|""
"22588351"|""
"99692512"|""
"48765749"|""
"65698180"|""
"02801101"|""
"90728165"|""
"91689024"|""
"90947120"|""
"35978336"|""
"98884086"|""
"43831062"|""
"09251030"|""
"51115648"|""
"31458367"|""
"29976417"|""
"49321635"|""
"34921403"|""
"38757343"|""
"46390617"|""
"27295350"|""
"96747341"|""
"02994638"|""
"60040061"|""
"43959184"|""
"35589224"|""
"53992530"|""
"49111323"|""
"88148170"|""
"11407735"|""
"91153978"|""
"08225200"|""
"60859643"|""
"75574764"|""
"70453860"|""
"79453312"|""
"18389929"|""
"34526646"|""
"13814697"|""
"42050226"|""
"75104739"|""
"83544659"|""
"48516734"|""
"30706529"|""
"02956344"|""
"10653141"|""
"17423683"|""
"12928217"|""
"28109633"|""
"46531190"|""
"05011176"|""
"71274423"|""
"60745472"|""
"56545567"|""
"04440367"|""
"46026529"|""
"43156710"|""
"03797612"|""
"35653659"|""
"64605919"|""
"20766312"|""
"32178110"|""
"29497982"|""
"27226667"|""
"42709349"|""
"04167371"|""
"58828505"|""
"52173980"|""
"91582441"|""
"68737552"|""
"23453928"|""
"70446348"|""
"28864392"|""
"21166906"|""
"04069985"|""
"79081636"|""
"88232893"|""
"61494060"|""
"34250134"|""
"81556958"|""
"43007445"|""
"38251453"|""
"88983433"|""
"79508934"|""
"38159984"|""
"96959028"|""
"05510512"|""
"34013099"|""
"43426377"|""
"56370295"|""
"01568950"|""
"21195604"|""
"79895544"|""
"39385338"|""
"07030464"|""
"54671480"|""
"23139857"|""
"02945462"|""
"33095488"|""
"29447483"|""
"70348243"|""
"26121824"|""
"35210026"|""
"61574944"|""
"24621680"|""
"26223518"|""
"29406704"|""
"31511083"|""
"00279326"|""
"67867999"|""
"17978053"|""
"96404098"|""
"06510686"|""
"88687302"|""
"97459257"|""
"06494196"|""
"12605271"|""
"65388056"|""
"87027302"|""
"03760203"|""
"07215341"|""
"43333769"|""
"79830361"|""
"33689597"|""
"94874738"|""
"48726685"|""
"54612963"|""
"77557276"|""
"64482887"|""
"14256174"|""
"20847893"|""
"44820922"|""
"34336288"|""
"40338411"|""
"28733398"|""
"76151577"|""
"19721638"|""
"86454045"|""
"81907632"|""
"51523469"|""
"98442314"|""
"46385555"|""
"65563986"|""
"64951758"|""
"40977739"|""
"86941325"|""
"02677358"|""
"53329566"|""
"45559281"|""
"46222065"|""
"17684996"|""
"94621810"|""
"80166030"|""
"04435702"|""
"51428830"|""
"53787882"|""
"63748359"|""
"29615968"|""
"58536984"|""
"43929059"|""
"41484904"|""
"25235504"|""
"03693318"|""
"32425994"|""
"54279370"|""
"01836257"|""
"51389098"|""
"98359256"|""
"04101244"|""
"06308350"|""
"11040297"|""
"89688142"|""
"87095869"|""
"42057594"|""
"63899557"|""
"82905924"|""
"69786419"|""
"64016436"|""
"46227741"|""
"16342455"|""
"09971178"|""
"67075391"|""
"65879896"|""
"08701980"|""
"49375949"|""
"29582135"|""
"96592834"|""
"19587897"|""
"19751760"|""
"97577877"|""
"48303271"|""
"58421955"|""
"80543364"|""
"07041853"|""
"05919939"|""
"81473980"|""
"21110246"|""
"14891044"|""
"11085288"|""
"29809983"|""
"01236428"|""
"60716848"|""
"42804499"|""
"69136350"|""
"64158879"|""
"84778284"|""
"56652603"|""
"99661708"|""
"04147494"|""
"13462714"|""
"78935844"|""
"78138578"|""
"86595426"|""
"07932036"|""
"07650231"|""
"10318916"|""
"51695512"|""
"12309878"|""
"03494865"|""
"96427130"|""
"70668271"|""
"64467706"|""
"54335044"|""
"81422265"|""
"55613374"|""
"96168745"|""
"68226758"|""
"47849306"|""
"38878011"|""
"56329415"|""
"92374353"|""
"18483427"|""
"20713008"|""
"75927481"|""
"21005606"|""
"14745290"|""
"37912775"|""
"43892553"|""
"91943656"|""
"43193154"|""
"91533648"|""
"81188498"|""
"04604426"|""
"27410398"|""
"24205205"|""
"77533615"|""
"23468401"|""
"97189402"|""
"63386009"|""
"34865677"|""
"48476632"|""
"14600671"|""
"05512080"|""
"84136932"|""
"68882319"|""
"47947956"|""
"93182087"|""
"96840174"|""
"51768327"|""
"51775376"|""
"78795886"|""
"12805078"|""
"63936501"|""
"60569170"|""
"84941684"|""
"57039762"|""
"85706028"|""
"52412519"|""
"61001294"|""
"77593042"|""
"67675593"|""
"11248515"|""
"93102118"|""
"06858255"|""
"60926512"|""
"05345598"|""
"94390233"|""
"59659694"|""
"93551339"|""
"15933533"|""
"80569672"|""
"73264538"|""
"45388878"|""
"75348418"|""
"75022161"|""
"04221557"|""
"27608920"|""
"81419722"|""
"02235982"|""
"43874147"|""
"59351015"|""
"53816692"|""
"09644770"|""
"20078906"|""
"16207731"|""
"64910096"|""
"94031873"|""
"42538460"|""
"36394206"|""
"78546581"|""
"96633884"|""
"05051102"|""
"67337825"|""
"48050363"|""
"48644411"|""
"02322748"|""
"94477959"|""
"47733073"|""
"12914714"|""
"45612821"|""
"20938141"|""
"40504724"|""
"98753238"|""
"22216699"|""
"85760467"|""
"97889291"|""
"80054017"|""
"12378803"|""
"65485238"|""
"80191074"|""
"95726241"|""
"46831153"|""
"23901420"|""
"83296057"|""
"59522321"|""
"53666222"|""
"87282715"|""
"37317617"|""
"08344842"|""
"96670417"|""
"98745501"|""
"74206096"|""
"46948191"|""
"11578651"|""
"91068316"|""
"43471846"|""
"77886615"|""
"75692575"|""
"02838659"|""
"99799863"|""
"51168632"|""
"17374947"|""
"00359515"|""
"25279546"|""
"54793851"|""
"08652917"|""
"20537405"|""
"54371845"|""
"38371856"|""
"66446437"|""
"22447574"|""
"70575913"|""
"49170187"|""
"78815084"|""
"37989790"|""
"14576289"|""
"32739119"|""
"96413114"|""
"41677492"|""
"61908684"|""
"38134595"|""
"36116309"|""
"32770465"|""
"66335556"|""
"48472343"|""
"23231326"|""
"35348953"|""
"14918469"|""
"76820130"|""
"02294199"|""
"76403404"|""
"69284413"|""
"07861352"|""
"08968084"|""
"66067671"|""
"64488118"|""
"80687201"|""
"92501338"|""
"58909497"|""
"97976302"|""
"43802751"|""
"95190062"|""
"46087686"|""
"67584495"|""
"15393998"|""
"24351779"|""
"12622093"|""
"46352373"|""
"81510363"|""
"37440603"|""
"93726903"|""
"14198545"|""
"88865982"|""
"43290197"|""
"90506180"|""
"65767020"|""
"41733514"|""
"75341910"|""
"07607022"|""
"76045284"|""
"99188877"|""
"86305164"|""
"03408183"|""
"91151549"|""
"64356348"|""
"14141310"|""
"61721582"|""
"99729360"|""
"26117153"|""
"25531185"|""
"38009883"|""
"74565351"|""
"84362320"|""
"11087017"|""
"91147820"|""
"89922196"|""
"79002847"|""
"34002065"|""
"59933984"|""
"21497121"|""
"34555503"|""
"78909197"|""
"90573798"|""
"45344191"|""
"95702780"|""
"35414086"|""
"45965390"|""
"79243451"|""
"15667475"|""
"20819099"|""
"43568447"|""
"93522207"|""
"59400384"|""
"10720834"|""
"45407403"|""
"49864990"|""
"93518632"|""
"49638775"|""
"53318187"|""
"50526477"|""
"50790905"|""
"98044022"|""
"03536570"|""
"23393170"|""
"49741041"|""
"73945181"|""
"66299574"|""
"99532792"|""
"42200305"|""
"19196239"|""
"28192566"|""
"03468961"|""
"84486987"|""
"32177674"|""
"68890046"|""
"55923350"|""
"73310999"|""
"65181960"|""
"92305494"|""
"29956339"|""
"76236633"|""
"59504145"|""
"28323888"|""
"97575066"|""
"96152182"|""
"57216013"|""
"57569578"|""
"44437704"|""
"11109816"|""
"91456591"|""
"96090153"|""
"59513702"|""
"11226385"|""
"94261432"|""
"71465140"|""
"60688425"|""
"62884523"|""
"96022436"|""
"05115095"|""
"72617241"|""
"56125786"|""
"59766467"|""
"83833908"|""
"36168030"|""
"93519685"|""
"91640981"|""
"93421801"|""
"98980252"|""
"21101189"|""
"07349234"|""
"80642022"|""
"61664921"|""
"55119919"|""
"84210607"|""
"48017462"|""
"40742453"|""
"04824917"|""
"41697720"|""
"39489557"|""
"59216286"|""
"22189410"|""
"52141846"|""
"07118033"|""
"03902110"|""
"26771083"|""
"91247901"|""
"95384196"|""
"07373626"|""
"59154939"|""
"75041119"|""
"69735911"|""
"26161943"|""
"90077036"|""
"44413290"|""
"38536304"|""
"05735096"|""
"27044523"|""
"71830551"|""
"80700744"|""
"82038734"|""
"12400636"|""
"33660726"|""
"52948767"|""
"68926456"|""
"49014818"|""
"00609604"|""
"25527258"|""
"44434597"|""
"59245724"|""
"71623845"|""
"13373465"|""
"65821150"|""
"02718554"|""
"16723295"|""
"99665551"|""
"52141217"|""
"76595662"|""
"48017252"|""
"37238997"|""
"13122431"|""
"05468940"|""
"26064413"|""
"201439691"|""
"02390661"|""
"95007351"|""
"10106150"|""
"38662125"|""
"98248964"|""
"27460995"|""
"58560130"|""
"18909876"|""
"1631942"|""
"94657803"|""
"11069169"|""
"47877967"|""
"98021147"|""
"63525561"|""
"80156694"|""
"35881650"|""
"06456311"|""
"25080642"|""
"48686953"|""
"209024380"|""
"08778734"|""
"26155182"|""
"29327858"|""
"68766019"|""
"77652631"|""
"31081706"|""
"18873039"|""
"61394212"|""
"20261981"|""
"37425414"|""
"23803190"|""
"58878722"|""
"95264083"|""
"80728095"|""
"99531108"|""
"15038641"|""
"91612229"|""
"65277325"|""
"24816617"|""
"10543722"|""
"73021137"|""
"31140029"|""
"78113812"|""
"99887825"|""
"90530818"|""
"23717424"|""
"80954817"|""
"50858250"|""
"72078066"|""
"06920559"|""
"63318712"|""
"24831960"|""
"73621129"|""
"09785788"|""
"41755971"|""
"65412897"|""
"201161662"|""
"14844061"|""
"28463374"|""
"73349549"|""
"88355625"|""
"17717323"|""
"09997972"|""
"93581371"|""
"72052620"|""
"20068627"|""
"999999999"|""
"28884271"|""
"98872750"|""
"70953009"|""
"35726085"|""
"20385816"|""
"96070722"|""
"80545668"|""
"89002833"|""
"55956110"|""
"31405310"|""
"42871567"|""
"73124735"|""
"50792639"|""
"81707991"|""
"43068583"|""
"85395188"|""
"06393135"|""
"73029231"|""
"04914745"|""
"25351623"|""
"60746924"|""
"98884704"|""
"18016330"|""
"23621308"|""
"49878538"|""
"60714324"|""
"96955165"|""
"61429606"|""
"44314263"|""
"44637810"|""
"24520907"|""
"33959988"|""
"97138304"|""
"27951921"|""
"33838343"|""
"12575030"|""
"12167374"|""
"62958792"|""
"79413589"|""
"91452040"|""
"85307464"|""
"26814039"|""
"16731946"|""
"43253739"|""
"50967540"|""
"54169640"|""
"14805306"|""
"97915887"|""
"71428551"|""
"34831383"|""
"47100848"|""
"72959572"|""
"57605055"|""
"38831196"|""
"46268653"|""
"37437014"|""
"77231134"|""
"55782363"|""
"23854675"|""
"64443880"|""
"99408534"|""
"16771190"|""
"91601370"|""
"00627132"|""
"57079876"|""
"35806879"|""
"54095955"|""
"07832616"|""
"68581677"|""
"56717368"|""
"51215791"|""
"24985759"|""
"97515546"|""
"34708013"|""
"69990010"|""
"61876578"|""
"39255707"|""
"35428068"|""
"78982713"|""
"30392867"|""
"20421736"|""
"01830822"|""
"11505550"|""
"18281839"|""
"43833611"|""
"80967406"|""
"98261762"|""
"49006192"|""
"25004402"|""
"37989385"|""
"07196675"|""
"48185192"|""
"16467644"|""
"76147773"|""
"12743480"|""
"00609323"|""
"04258879"|""
"89617998"|""
"47476671"|""
"46332666"|""
"13678160"|""
"06483988"|""
"59968096"|""
"89439449"|""
"69334775"|""
"68805763"|""
"31526398"|""
"01198718"|""
"73187430"|""
"05609340"|""
"80319891"|""
"32432559"|""
"89410858"|""
"94461589"|""
"16802959"|""
"47154850"|""
"41882109"|""
"69094048"|""
"59412301"|""
"41238857"|""
"45143767"|""
"39020393"|""
"50890523"|""
"19228542"|""
"39727385"|""
"89339609"|""
"24093830"|""
"89172460"|""
"94485697"|""
"05484829"|""
"40727347"|""
"88694474"|""
"07486584"|""
"23092857"|""
"77675665"|""
"69920403"|""
"97746796"|""
"16022322"|""
"73274697"|""
"34323247"|""
"29765275"|""
"50028250"|""
"31828806"|""
"07906609"|""
"74555902"|""
"87620879"|""
"93032534"|""
"17010854"|""
"01584719"|""
"75574221"|""
"52733286"|""
"56401447"|""
"16509004"|""
"10654795"|""
"42423410"|""
"11659908"|""
"22306851"|""
"75365913"|""
"08385060"|""
"91719428"|""
"10359651"|""
"62087088"|""
"06630539"|""
"46872654"|""
"93508008"|""
"12309870"|""
"82841007"|""
"34527414"|""
"95155237"|""
"89003411"|""
"37287418"|""
"05770681"|""
"87571158"|""
"58961156"|""
"34880347"|""
"72440543"|""
"91781909"|""
"82502706"|""
"10209249"|""
"56390286"|""
"40170641"|""
"13822524"|""
"59761087"|""
"43667919"|""
"20242725"|""
"85828934"|""
"09745179"|""
"07857780"|""
"52618688"|""
"54326783"|""
"10305376"|""
"12762459"|""
"51921995"|""
"47197843"|""
"28628392"|""
"20035816"|""
"91280770"|""
"68420082"|""
"36201350"|""
"05395229"|""
"65824913"|""
"29661376"|""
"44651905"|""
"63551598"|""
"07764770"|""
"46981136"|""
"47293223"|""
"11000900"|""
"61581201"|""
"13069611"|""
"32892899"|""
"201455729"|""
"37897137"|""
"69973292"|""
"75240907"|""
"00231437"|""
"64053916"|""
"66605592"|""
"64232430"|""
"09174953"|""
"98907791"|""
"58346026"|""
"92029464"|""
"11799970"|""
"41005632"|""
"62711273"|""
"31458769"|""
"99001934"|""
"31686696"|""
"48284079"|""
"86697754"|""
"81135328"|""
"35838430"|""
"69597380"|""
"48430374"|""
"93040479"|""
"79920515"|""
"15047691"|""
"53586871"|""
"87865069"|""
"41061857"|""
"51551721"|""
"85647326"|""
"46257704"|""
"29547786"|""
"19136272"|""
"08108911"|""
"31371824"|""
"21969360"|""
"29959751"|""
"65719209"|""
"21392814"|""
"14525267"|""
"50795502"|""
"34731458"|""
"98888306"|""
"82885676"|""
"30413897"|""
"07933668"|""
"19125784"|""
"171990416"|""
"77664237"|""
"83055242"|""
"11589872"|""
"09251028"|""
"53745420"|""
"11970880"|""
"64054634"|""
"89314735"|""
"05807569"|""
"04454898"|""
"00345551"|""
"28744471"|""
"85098300"|""
"32998607"|""
"22835125"|""
"08522747"|""
"06503130"|""
"43602562"|""
"88569706"|""
"52477296"|""
"73754933"|""
"02095716"|""
"53783644"|""
"33868753"|""
"96071208"|""
"06427645"|""
"24620632"|""
"06577711"|""
"57482912"|""
"13963096"|""
"81283455"|""
"90983960"|""
"45645262"|""
"83265119"|""
"42977854"|""
"38880450"|""
"63268554"|""
"48167820"|""
"59049750"|""
"52429502"|""
"33842754"|""
"90849708"|""
"40305098"|""
"35492412"|""
"86104892"|""
"12740179"|""
"11684759"|""
"76154842"|""
"24645519"|""
"51415188"|""
"10575212"|""
"79491605"|""
"42409861"|""
"59687804"|""
"15064992"|""
"80529006"|""
"05497379"|""
"26068231"|""
"48484551"|""
"59536067"|""
"57886696"|""
"79566204"|""
"55644986"|""
"10960921"|""
"89319536"|""
"71813155"|""
"103779472"|""
"35691150"|""
"28882793"|""
"85267769"|""
"73865438"|""
"60295664"|""
"83508231"|""
"33339223"|""
"17636264"|""
"31257377"|""
"85530005"|""
"77602412"|""
"22221650"|""
"00239029"|""
"54882390"|""
"11695355"|""
"03270897"|""
"22487753"|""
"13388630"|""
"02381473"|""
"93172719"|""
"17654999"|""
"53101509"|""
"90805298"|""
"03921012"|""
"62187954"|""
"15505616"|""
"79758230"|""
"21063966"|""
"41948902"|""
"88349451"|""
"76045130"|""
"85102225"|""
"53409142"|""
"24904491"|""
"27599886"|""
"91750756"|""
"34764993"|""
"54225886"|""
"86526152"|""
"80903574"|""
"73996522"|""
"21324967"|""
"50072868"|""
"17381487"|""
"31551620"|""
"40956690"|""
"06036357"|""
"70441842"|""
"61774537"|""
"43452104"|""
"71471416"|""
"29522641"|""
"87665754"|""
"34208631"|""
"05213871"|""
"57421746"|""
"37123484"|""
"38789918"|""
"01131495"|""
"66198829"|""
"44324981"|""
"88413565"|""
"56012299"|""
"11961089"|""
"08581302"|""
"85146683"|""
"45534876"|""
"05272597"|""
"96579702"|""
"18582347"|""
"58717964"|""
"31573646"|""
"89164330"|""
"90952624"|""
"85390485"|""
"94176766"|""
"87034136"|""
"81832108"|""
"79613308"|""
"14261326"|""
"69662074"|""
"91989164"|""
"13643860"|""
"31161795"|""
"97011589"|""
"91324462"|""
"49420624"|""
"70905944"|""
"79007791"|""
"54590662"|""
"95300255"|""
"83754272"|""
"51159503"|""
"32600677"|""
"43650047"|""
"08519175"|""
"70463133"|""
"80557310"|""
"15813570"|""
"64587355"|""
"06873525"|""
"12810443"|""
"18902722"|""
"94340197"|""
"78305596"|""
"32387393"|""
"48437958"|""
"57404777"|""
"78938244"|""
"58081922"|""
"68281576"|""
"87945390"|""
"53947226"|""
"94599100"|""
"67568214"|""
"89467785"|""
"76217884"|""
"33299850"|""
"83228880"|""
"98751186"|""
"76249443"|""
"26630883"|""
"13375294"|""
"59284198"|""
"08490689"|""
"14983815"|""
"17621600"|""
"36530989"|""
"43385231"|""
"88966750"|""
"17703754"|""
"95502041"|""
"49503314"|""
"26394864"|""
"59881225"|""
"85945768"|""
"11157796"|""
"29334306"|""
"64519451"|""
"95373031"|""
"37588143"|""
"201018018"|""
"36980978"|""
"12813662"|""
"79549521"|""
